-0.0290513299406
0.0268437489867
-0.022469477728
0.0248676277697
-0.00861621741205
-0.0577553026378
-0.0749792978168
0.0178556349128
-0.101433649659
-0.0179255772382
-0.0817721039057
-0.0284731909633
-0.0650080144405
-0.00899804383516
-0.0753057822585
-0.0153542067856
-0.0481433905661
-0.0139526529238
-0.0187024101615
-0.0532720088959
-0.0506641715765
-0.0645595639944
-0.0672619789839
-0.0819442868233
-0.059599455446
-0.0726474151015
-0.0207201745361
-0.0971587225795
0.0137074347585
-0.0336258560419
-0.0200332887471
-0.0689635500312
-0.0232780296355
-0.0682491883636
-0.0108328657225
-0.028279973194
-0.0748883634806
-0.0482719801366
0.04160894081
-0.0133914323524
-0.0473137572408
-0.02182232216
-0.0448062866926
-0.060074493289
-0.0406333878636
-0.02422985062
-0.00868051219732
-0.0461859665811
0.0211018230766
-0.0544809214771
