-0.0401607006788
0.0250389501452
-0.222461983562
-0.0532298386097
0.0288092531264
0.164143130183
0.507999420166
0.480747640133
0.0329534821212
-0.16159941256
0.00316068087704
0.140277832747
0.447595357895
0.458167135715
0.267486274242
-0.465601801872
-0.447532266378
-0.351467967033
-0.0170933958143
0.198125749826
-0.148335278034
-0.235876187682
-0.301199793816
-0.346875756979
-0.190383657813
0.00313272257335
0.155631199479
-0.171649470925
-0.283283919096
-0.330233335495
-0.146264106035
0.187015533447
0.194431006908
-0.309433877468
-0.0298981945962
0.0599326342344
-0.0732046738267
0.208675295115
0.3141708076
0.0615777559578
0.223108559847
-0.0863347575068
0.39616766572
0.375299990177
0.293132901192
0.205880075693
0.0261565800756
0.0654280409217
0.295635968447
-0.0201858952641
0.0214957501739
-0.298398733139
-0.144840672612
-0.339591354132
-0.335974276066
0.0563451871276
-0.000234669991187
0.0484552159905
0.157833516598
-0.0964054912329
0.240076974034
0.0782010853291
0.238750591874
0.234153866768
0.015245298855
0.142918437719
0.0184677951038
0.00411711353809
-0.208251342177
-0.188114404678
0.0746596679091
-0.145519152284
0.0802020803094
0.290168493986
-0.00551910372451
0.234040617943
0.371035665274
0.338227450848
0.0494598150253
-0.258926451206
-0.169290035963
-0.0845508277416
0.101046614349
0.0952767953277
-0.223611310124
-0.266905993223
-0.0819766148925
0.152036860585
0.381453424692
0.352634757757
-0.014700781554
-0.167202219367
-0.158466815948
0.0576042383909
0.28800407052
-0.128353282809
-0.023466732353
-0.244807839394
-0.0339868701994
0.190862968564
-0.0579490922391
0.167731240392
-0.231255292892
-0.0838165655732
-0.142836511135
0.0483314432204
0.0107841501012
-0.180410042405
-0.104188270867
-0.283815711737
0.0608172528446
-0.0216164123267
-0.17418025434
-0.172474011779
-0.32851716876
0.0900735035539
-0.192354440689
-0.0746829807758
-0.347846329212
-0.0560523383319
0.160411387682
-0.243901059031
-0.0591206476092
-0.18245922029
-0.215748995543
0.233286529779
0.334580004215
0.127879306674
-0.0597735829651
-0.0356255657971
0.406445175409
0.499122321606
0.40473601222
0.0516158118844
0.156731754541
-0.279286712408
0.0195561759174
0.165546134114
0.106147117913
-0.0843741521239
-0.436040192842
-0.490612268448
-0.284846037626
0.0186699703336
-0.0177071243525
-0.299742132425
-0.155796736479
-0.157297149301
-0.0883036628366
-0.0911573395133
-0.137745276093
0.225943848491
0.278442710638
0.132002592087
0.0266288630664
0.204123944044
-0.164738833904
0.359593778849
0.416102916002
-0.207421168685
0.0935643166304
-0.0528622418642
0.0353577770293
0.490701496601
-0.156734749675
-0.214980855584
-0.302513360977
0.234423816204
0.471228510141
0.383195757866
0.058854278177
-0.0303306505084
0.0944049581885
-0.0374573394656
0.310428977013
0.0081247985363
-0.0804801732302
0.0124356998131
-0.0384291559458
-0.347634136677
-0.219604566693
0.248943954706
-0.0275665186346
0.090660341084
-0.352912008762
0.0986310094595
-0.0830836966634
0.338733673096
-0.132229536772
-0.315555840731
-0.142260968685
0.311206191778
0.348571300507
-0.0451708249748
-0.248862430453
0.0911658406258
0.240231499076
0.291251897812
-0.148900106549
-0.283458322287
-0.326080679893
-0.197239249945
0.0474699027836
-0.183604940772
0.157828822732
0.14852142334
0.0238192491233
-0.209795191884
0.179441988468
-0.0954168140888
-0.204941481352
0.0777231529355
0.248273670673
0.298027902842
0.217583060265
-0.224537312984
0.011471664533
0.471941024065
0.437434136868
0.19204339385
0.265025317669
0.379869788885
0.131409153342
0.227316990495
-0.219974666834
0.111012354493
0.0338710360229
0.209574326873
0.117147557437
-0.0903312042356
0.00236484128982
-0.153165280819
-0.0138768758625
0.0567845590413
0.318374067545
-0.0463689826429
-0.0074698892422
-0.0308529045433
-0.116380669177
0.246397554874
-0.0209095906466
-0.238561913371
0.00431959889829
0.267470836639
0.0220977086574
-0.0219790115952
-0.256670713425
-0.103651501238
0.158308535814
0.157052859664
0.307865947485
0.441075712442
0.344919592142
0.444486767054
0.32751968503
-0.0214579030871
0.368832856417
0.0667773261666
0.157421141863
0.22707670927
-0.0122561808676
-0.360894173384
-0.13317283988
-0.435647785664
-0.192175790668
-0.416971534491
-0.26596185565
-0.347532480955
-0.0953130498528
-0.316491007805
0.00828124582767
0.00787080265582
-0.0746508315206
0.0500259995461
0.0644112154841
0.26610198617
-0.0236554555595
0.212642982602
-0.028636334464
-0.228982105851
0.234104841948
0.234716325998
0.207391873002
-0.0422893501818
-0.346516788006
0.524785220623
0.0874656513333
-0.0984682515264
-0.349507421255
-0.233236610889
0.391351640224
0.131908476353
-0.136695981026
-0.453386485577
-0.18403364718
0.403852522373
-0.181385979056
-0.389388293028
-0.192500591278
-0.00438804039732
0.303305029869
0.43519410491
0.0687332674861
0.27191105485
-0.00275563867763
0.0458074845374
-0.0878372266889
0.151656985283
0.260945081711
-0.164139121771
-0.28735473752
-0.297327756882
-0.23174379766
-0.257104873657
0.0873680636287
-0.336354762316
0.0192979946733
-0.23604850471
-0.27458781004
-0.042021997273
0.149514168501
-0.191081672907
-0.249979108572
0.0402189344168
-0.254437953234
-0.00493641197681
-0.0985392332077
-0.195884868503
0.131176933646
0.217858746648
-0.229877069592
0.000229439028772
-0.137121573091
0.364365875721
-0.150222688913
0.130456447601
0.254698485136
0.193708240986
0.146020382643
-0.119293250144
0.253238946199
-0.137038424611
0.232857942581
0.238066568971
-0.271587252617
0.301997810602
0.124323710799
0.0390941500664
-0.0623427070677
0.0237283594906
0.12028093636
0.105994917452
0.0938120186329
0.16893941164
-0.00278225867078
0.120006710291
0.182969301939
0.234239459038
-0.019170049578
-0.194469213486
0.407418817282
0.504235744476
0.283431947231
-0.390635609627
0.0283375550061
0.248550668359
0.305408269167
-0.250427871943
-0.405158638954
-0.203636243939
0.340828597546
0.20886914432
-0.128491312265
-0.225891470909
-0.307070285082
0.010568859987
-0.00965383928269
-0.0614347346127
0.333047360182
0.267727047205
-0.0516262203455
-0.183669954538
-0.0334142111242
-0.0363866984844
-0.292833894491
-0.305942803621
-0.0577279217541
-0.237400084734
-0.401955991983
-0.16043779254
-0.301325827837
-0.0956503152847
-0.464132159948
-0.313971042633
-0.0839801207185
-0.295247465372
-0.322980195284
0.0906928852201
0.23263835907
0.311174273491
0.0606875307858
0.367730587721
0.365444451571
0.350229024887
0.196792453527
-0.0330688692629
0.177367419004
0.194098874927
0.134984612465
0.190127581358
0.188343048096
-0.298305034637
-0.096399538219
-0.051275651902
0.245022758842
-0.154232472181
-0.239128157496
-0.181189090014
0.23267993331
-0.140167310834
0.0674722343683
-0.317390024662
-0.174238264561
0.199079707265
-0.0858286544681
0.0485662594438
-0.335596382618
-0.304825931787
-0.145242527127
-0.336457282305
0.263446897268
0.0909217000008
-0.20534530282
-0.348343759775
0.00254994351417
0.0851542502642
0.411994248629
0.304632931948
0.0150074400008
0.264342099428
-0.0403651073575
0.427723914385
0.465496450663
0.0895867720246
0.0298472251743
-0.178568661213
-0.114750050008
0.138187333941
0.0450016781688
-0.0761263072491
-0.315356403589
-0.197078213096
-0.365824490786
-0.440773427486
-0.0468987114727
0.0480384640396
0.0922307223082
0.175040721893
-0.292241424322
-0.210765480995
0.256814330816
0.1554235816
0.360738873482
0.36168166995
0.240655466914
0.149378985167
-0.0317620895803
0.373740077019
0.155909687281
0.364598363638
-0.0151471262798
0.358818769455
0.324073642492
0.0659492462873
-0.134820610285
-0.115612447262
-0.344710916281
-0.129959270358
-0.12390499562
0.17838203907
-0.0592743046582
0.282555043697
0.162155985832
0.233140856028
-0.0548550188541
0.317509591579
0.308925777674
0.0905011743307
0.142203256488
-0.199163094163
0.0814533010125
-0.285825163126
0.0190254673362
0.0788872763515
0.166643410921
-0.160621851683
0.0230682753026
-0.197961762547
0.170536413789
0.304716169834
