-0.00228456757031
0.000745591707528
-0.00119697046466
-0.00291935331188
0.000281289219856
0.00343230739236
-0.00610323343426
-0.00921886134893
-0.00520682148635
0.01495781634
0.00102460582275
-0.000896589597687
-0.000453855580417
0.0100180236623
0.00662638479844
-0.000469988590339
-0.00551174860448
0.00187270704191
-0.00404359167442
0.00367754464969
0.000369132001651
0.0101078944281
0.00142558058724
-0.00205183913931
0.00371562945656
0.000778314250056
-0.00547679839656
0.00414132978767
-0.00550091639161
-0.00245474884287
-0.00241802702658
-0.00104514788836
0.00138546375092
-0.00193233706523
0.0126768518239
0.0148996561766
0.000526064890437
-4.16742623202e-05
0.00582256261259
-0.00965295080096
0.00426834309474
-0.000510510464665
-0.00352618121542
0.0066424915567
-0.00465619005263
0.00158433977049
-0.00126205128618
0.0020541716367
-0.00234204158187
0.0184224266559
0.00395785737783
0.00324677210301
-0.00110263703391
-0.00281261140481
0.00209576240741
0.00144237594213
-0.000710698310286
-0.00194945163094
-0.000996361137368
0.00438718590885
-0.00264041218907
5.99602026341e-05
0.00267642736435
0.00823648739606
-0.00177575065754
-0.0089597357437
0.00343438796699
-0.00885946396738
-0.00141170050483
0.0032893687021
0.00381644954905
0.00276073231362
0.000129109728732
0.00332990521565
0.00122385879513
0.0027876442764
-0.00194037775509
0.00022742751753
-0.000413710309658
0.00369435595348
-0.00620970828459
-0.00413130735978
-0.00263472250663
-0.00178263394628
-0.00213243230246
-0.00448521459475
0.0128555195406
-0.000864137196913
-0.00346744223498
0.000731137639377
-0.00560339633375
-0.00310704950243
-0.00129878369626
-0.000609411858022
-0.0102227991447
-7.81259441283e-05
0.000630147173069
0.00277229724452
-0.00052030623192
0.00466256495565
-0.00409775832668
-0.00282706785947
-0.00421622814611
-0.000462400726974
0.000194554027985
-0.00153722963296
0.00266481121071
0.001402062946
-0.0009114126442
0.00185350386892
-0.0017922698753
0.0054916148074
-0.00117553188466
0.00133567897137
-0.00327669177204
0.0018897211412
-0.00129837309942
-0.00296102766879
-0.000772288884036
-0.00473159132525
-0.00831701699644
0.00815512426198
0.00665850238875
-0.00802485365421
-0.000539460801519
0.00404496630654
-0.00145349104423
-0.0100512262434
-0.000797531567514
0.00124064239208
0.00261267879978
0.00531235197559
0.0025436617434
0.0154553186148
0.00517645291984
0.00635688798502
0.00733618438244
-0.0051025277935
0.000125727936393
0.00105436728336
0.000371506233932
0.00214829808101
0.00168145587668
0.00243923719972
-0.00317117921077
-0.00117894704454
-0.00111260719132
-0.000163131218869
-0.000580679508857
0.000659791927319
0.00174626347143
-0.000674554961734
0.00240231771022
-0.000675669289194
0.0041718208231
-0.00665920507163
-0.0109593253583
-0.00578306801617
-0.00201951805502
0.00134810514282
0.00181382359006
-0.00226894323714
0.00119451945648
-0.00341240828857
-0.0041588107124
-0.00433485768735
0.00687812967226
-0.008628946729
-0.000119498705317
-0.00278214528225
0.00211417651735
0.00199896213599
0.00652527343482
0.00263355951756
0.000534576014616
-0.00403531780466
0.0204563830048
0.0040869791992
-0.00667459238321
0.00843022763729
0.00264199450612
-0.00122462224681
-0.000801814137958
-0.00103601336014
-0.00016177399084
0.00346685852855
-0.0123984320089
0.00040371864452
-0.00504679000005
0.000435891037341
0.00712258787826
0.0146229024976
0.00324664544314
-0.00421884236857
-0.00353732681833
0.00152991432697
0.000436389585957
-0.00430218828842
0.00117129122373
0.00495846802369
-0.0024682469666
-0.00453922152519
0.00170460494701
0.0010017035529
0.00293532572687
-0.000610615825281
-0.00201598694548
-0.00665334286168
0.000485569937155
0.00181336619426
0.00166553398594
0.00828329846263
-0.00102915568277
0.001609954983
0.000350629561581
0.00461236806586
0.000625702843536
0.000329820555635
-0.00250991736539
-0.000568809686229
-0.00255510676652
0.00336297601461
0.00418342184275
0.00385392317548
0.00441569834948
0.00122972414829
0.00207523838617
-0.00433464115486
0.001967047574
0.00792930740863
0.00108649313916
-0.0036827896256
0.00189727859106
-0.00218532280996
0.0130499470979
-0.00402310770005
0.00577397225425
0.00949433911592
0.00103506841697
-0.00267765577883
0.00867713801563
-0.00211220793426
-0.00123577250633
0.0107691818848
0.00275887455791
-0.00609934097156
-0.00164462858811
0.00395704759285
-0.00195725006051
0.0004157651274
0.00929050240666
-5.88155453443e-05
0.0008914747159
0.000203480158234
-0.00507991807535
-0.00413313973695
-0.00403861002997
0.00694850925356
0.00253786868416
0.00295452657156
0.00132145255338
-0.000463428470539
-0.012456972152
-0.00215105921961
-0.0030086808838
-0.0020552368369
-0.00764685403556
0.00830983463675
0.0106047168374
0.00104565243237
-0.00306464452296
-0.00484517309815
-0.00307153258473
-0.00118453078903
0.00306976120919
0.00496881594881
-0.00508673908189
-0.00166144687682
-0.00377266923897
0.0021746235434
-0.000553489022423
-0.000306013069348
0.00607038382441
-0.0035013393499
0.00190322566777
0.00452193850651
-0.00226583844051
0.00811294559389
0.00052885490004
-0.0045452141203
0.00222735130228
-0.000234851730056
-0.00103664514609
-0.00219390238635
-0.00316613609903
0.00267387833446
-0.000166114346939
0.00103301985655
-0.00172708288301
-0.00543283158913
-0.0070825680159
0.00071221467806
0.00411132210866
0.00381561345421
-0.00164427608252
-0.00340044032782
-0.00243276939727
0.00231343251653
-0.0012563301716
0.00501979794353
-0.00169761222787
-0.000279853557004
-0.00398864084855
-0.00759525038302
2.44191160164e-05
0.00599941471592
-0.0109267244115
0.00232847733423
-0.00246568466537
0.00515824509785
-0.0013720447896
0.00312859867699
0.00485943863168
0.010160737671
0.007237596903
0.00176304636989
0.000258769636275
-0.00263876514509
-0.0114642614499
0.0141756655648
0.00144443812314
0.00815935991704
0.00280824839137
-0.0041982922703
0.00127615197562
0.00683980388567
-0.00570001406595
0.000414434121922
0.00419194949791
-0.00556233245879
-0.00466627581045
-0.000686137122102
-0.00250003556721
-0.00561209302396
-0.0147054307163
-0.00571270333603
0.00161759927869
-0.00104624126107
-0.00508775841445
0.00626015104353
0.00220013596117
0.00346444337629
0.000845108297653
-0.00277022179216
-0.00149561453145
0.00432968279347
-0.003094015643
0.0130134895444
0.00808406528085
-0.0053124637343
-0.000369379617041
-0.00764992507175
-0.00497881835327
-0.00253709801473
-0.00246084551327
0.00220934581012
-0.00419294275343
0.00451492331922
-0.00645357137546
0.0115090450272
0.00241628638469
-0.00745159201324
-0.00481685250998
0.0119701782241
-0.00260498211719
0.0106730470434
0.00249605556019
-0.00190162926447
-0.00217635044828
-0.000516232510563
-0.00187050749082
0.0104550868273
-0.000368496897863
0.000296427460853
-0.000588681316003
0.00307346205227
0.00499766878784
-0.00153221283108
0.00291469087824
-0.00293534295633
0.00901480019093
-9.30213500396e-05
0.000543675269
-0.0054934467189
0.00773605937138
0.00891410373151
-0.0141384750605
0.00171168812085
0.000562913017347
0.00237590027973
-0.00131542875897
3.85901876143e-05
-0.00213806331158
-0.00214826245792
0.0122319413349
-0.00632032332942
0.0036034558434
-9.61483674473e-05
-0.00467866659164
-0.00294850370847
-0.00373301981017
-0.00176101014949
-0.000176896704943
0.00511633278802
0.00329512869939
-0.00713286735117
0.00229589221999
-0.000598910672124
0.00151938654017
0.00592603255063
-0.00445253867656
0.00212826440111
-0.000476436893223
0.00261586299166
0.00315187429078
0.00424091983587
-0.00281340745278
0.00159367860761
-0.00146537984256
0.00271116150543
-0.000141966491356
0.000457552610897
0.00809484440833
-0.00292326160707
-0.00505724642426
-0.00670895073563
0.00774623034522
-0.00598408887163
-0.00472309160978
-0.00175118679181
-0.00766929704696
0.00273664738052
0.000910897797439
-0.00360320881009
-0.0020983919967
0.00682970974594
0.00385630666278
-0.00539514096454
-0.00429002614692
-0.00602887338027
0.00367439864203
0.00676926318556
-0.00320869940333
-0.00010499561904
0.00175573956221
0.0107266940176
0.0021849097684
0.00353982276283
0.00332729145885
-0.00381983094849
0.00916213914752
0.0044529219158
-0.00846158433706
0.00339118367992
0.00666131731123
-0.000512943894137
0.00306540704332
-0.000244181603193
-0.00792532786727
0.00683798035607
-0.00535395601764
0.00828534550965
-0.00455710152164
-0.00421835761517
-6.7670000135e-05
-0.00227280217223
-0.00583554152399
0.00120916625019
-0.0010016359156
-0.0034507366363
-0.00457315798849
-0.00279515422881
-0.00238553667441
0.00261477171443
-0.0039498405531
0.00106218387373
-0.00405858224258
0.00463657826185
-0.00501244328916
-0.000684647005983
0.00417404714972
0.0019629157614
-0.00811258517206
-0.000205808813917
0.0109239816666
0.00766843743622
-0.00709854485467
0.00240635126829
-0.00132254732307
0.00572048965842
