-0.0106026250869
0.128633618355
-0.0962868854403
0.0154396807775
0.106012672186
0.0113983293995
0.00897049531341
-0.0904294326901
-0.00806101690978
0.10532964021
-0.0801597312093
0.00086348206969
0.0137201612815
-0.021457111463
0.0391078516841
-0.0457865260541
-0.0353383272886
0.021482700482
-0.077966734767
-0.078355692327
0.0122241759673
-0.0879282355309
0.0131241306663
-0.00030863651773
-0.0490218512714
0.040004786104
-0.00695179775357
0.00261000241153
-0.080427929759
-0.0299720335752
0.042105358094
0.0582276433706
-0.0502545945346
0.0100141270086
0.183585450053
-0.0784723088145
0.00708116451278
-0.0851745083928
-0.0302576515824
-0.0782159790397
0.0391099490225
-0.0103808213025
-0.0371363945305
-0.0363282859325
0.0724652037024
-0.0356967560947
-0.0167940855026
0.0866082683206
0.0114339003339
-0.111102893949
-0.0885356143117
0.0285445060581
-0.0461258403957
0.0529404506087
-0.0547455437481
-0.0323633104563
0.0167226772755
0.0969750806689
-0.0393518619239
-0.119603507221
-0.00753350323066
0.0167377106845
-0.0767962709069
0.055297575891
-0.0697720572352
-0.0452285818756
-0.0101220086217
0.0294276978821
0.0520578585565
0.00689184339717
-0.00924725364894
-0.00956661440432
-0.0305030718446
-0.0195911880583
-0.066575370729
-0.0357476696372
0.0465661101043
-0.0529249869287
0.0282801520079
-0.0611157864332
-0.0812048316002
0.0278949774802
0.0694490149617
0.123042210937
0.0602253489196
-0.00820521079004
0.101159386337
0.00802343804389
-0.0050455275923
0.0980258733034
0.0955867692828
-0.0801620483398
0.067338205874
-0.0903923213482
-0.0569197796285
-0.00426499964669
0.0555707290769
0.0542867295444
-0.0126473344862
0.0203136354685
-0.0853045806289
0.0768734142184
-0.0416412763298
-0.0988880395889
0.0167136564851
0.108282886446
0.0484517887235
-0.0271652154624
-0.0191001296043
0.116030097008
-0.106211431324
0.040727686137
0.0112294461578
-0.0426962412894
0.0880606397986
-0.0786883533001
-0.0278423111886
0.0603186674416
0.0899644568563
0.00410991581157
0.0261540599167
0.0168797951192
0.0419821478426
-0.0524020791054
-0.0292889680713
0.0507106110454
-0.011303444393
-0.0076174098067
0.0388107821345
-0.0445480048656
-0.00195017037913
-0.0655668899417
0.0461599677801
0.0267187654972
-0.0753770172596
-0.00736668054014
0.0319504030049
0.0423138514161
0.0530781336129
-0.0739579722285
-0.110037334263
-0.0735193938017
0.0820549800992
-0.018247673288
-0.0174858830869
-0.0787318944931
0.025225745514
0.0083681056276
-0.0397518984973
-0.0451678931713
-0.0513859018683
-0.0674372464418
-0.0546804629266
-0.0823638364673
-0.00845212396234
0.0454980283976
0.0473360046744
0.0735091641545
0.070188768208
0.00283765490167
-0.00865348149091
-0.0416111573577
-0.059045124799
-0.054845251143
0.0113245248795
-0.0920301154256
0.0829529240727
-0.0568942390382
0.0819997116923
0.0291174706072
0.0986073091626
-0.0085662920028
-0.0152643611655
0.0867709293962
-0.0455681830645
0.0420421622694
-0.035712826997
0.0682188048959
-0.0261116921902
-0.0430706031621
0.0817168504
0.0594745837152
0.0194397997111
-0.00233287666924
0.0495832897723
0.0475170016289
-0.0492504015565
0.0330087952316
-0.060101699084
-0.0657733604312
-0.0764569565654
0.0922060757875
-0.0371907837689
-0.1062361449
0.00143415073399
0.0256564617157
-0.069950081408
0.0054788030684
-0.0212480146438
-0.0584902390838
-0.0363871157169
-0.0159949287772
0.0225719902664
-0.118835739791
0.112745597959
0.128957137465
0.0104179605842
0.011874598451
-0.0745657086372
-0.0270333699882
-0.00660660909489
0.0547480620444
-0.00290534039959
0.0390633307397
0.049254655838
0.041375041008
0.0513259470463
0.0296903084964
0.103648759425
-0.0754569470882
0.0746623948216
0.0759089663625
0.0975014194846
0.0133120846003
0.0168003700674
-0.00488503929228
-0.00326236500405
0.0437617003918
0.118857391179
-0.00420278916135
-0.0555201433599
-0.0639340728521
-0.0112852146849
0.0596284307539
0.0828139483929
-0.00283686630428
-0.0897926688194
0.0910068973899
-0.151491522789
-0.010852961801
-0.0921363756061
-0.036230020225
-0.0330075658858
-0.0775720775127
-0.0475012883544
-0.0651850625873
0.0625759214163
0.0763913318515
0.0352261252701
0.101365149021
-0.0719139054418
0.023001415655
0.0732119679451
0.011685455218
-0.064608246088
-0.0139503916726
-0.0127820735797
-0.0549308508635
0.0171051174402
0.103312879801
-0.0220193788409
-0.0675840824842
-0.0402592755854
0.0684947967529
0.0887361317873
-0.0943939685822
-0.0456663295627
-0.0800846815109
0.0409762114286
-0.0485218577087
-0.0536611303687
-0.0943633466959
-0.017074322328
0.041545920074
0.145232722163
0.0977902635932
0.0699195638299
-0.0355551354587
-0.0959187373519
0.0139352818951
-0.0307403150946
-0.134827375412
0.01083844807
-0.0349436551332
-0.0670815706253
0.0575859136879
-0.0278338361531
-0.00672558648512
0.0724905729294
0.090986520052
-0.00898922979832
0.0420993715525
-0.0105019314215
0.167451113462
-0.0100292777643
0.0205055736005
0.0631340667605
-0.0338693298399
-0.0655497089028
-0.120333939791
0.0192563422024
-0.030975760892
-0.0124713610858
0.0381387248635
-0.0509101189673
-0.0426187068224
0.0686258599162
0.12861430645
-0.0527470819652
-0.0568829216063
0.020832022652
-0.110224530101
0.0304316990077
0.00940052233636
-0.109288282692
-0.0129700982943
0.0121681224555
0.0500330477953
0.0803742781281
-0.0491308234632
0.00323330843821
0.0050549544394
0.0191327612847
-0.0221968367696
0.0103550050408
-0.104603841901
-0.0826750099659
-0.0178181864321
-0.0465094074607
0.0269498229027
-0.0215954557061
0.148381739855
-0.0360944792628
-0.013675310649
0.0243582669646
0.0453711487353
-0.0375679321587
-0.0540224909782
-0.032288748771
0.0202664490789
-0.0276175756007
-0.0588987097144
0.00834734085947
-0.0557319074869
-0.0149663342163
-0.0563674941659
0.0618422999978
0.0459511764348
0.0226897504181
0.0383844077587
-0.0952595919371
-0.105801388621
0.0546933226287
0.0771967843175
0.0258708167821
0.0727484151721
-0.0505372285843
-0.0152013674378
0.075266033411
-0.034400831908
0.0648890808225
0.0209912806749
0.0489643849432
-0.00867070723325
0.0820843279362
0.0343433283269
0.0382137745619
-0.0410078130662
0.0717344433069
0.160731673241
-0.0371283888817
0.0575634762645
0.0381233692169
0.117062784731
-0.0463385209441
0.0604628995061
-0.10306186229
0.0227714329958
0.0361688137054
-0.0018479336286
0.0170230325311
0.0436461269855
-0.08711656183
-0.132546722889
-0.0163802336901
0.0874617323279
-0.0909272059798
0.0120382057503
-0.0818794593215
0.0332454405725
-0.00593983009458
-0.0403957180679
0.019746106118
-0.131412893534
-0.0773881226778
0.0281904600561
-0.066883392632
-0.0250971000642
0.0411057211459
0.122344441712
0.0441269427538
0.0488260760903
-0.0134951900691
0.0125330798328
0.00382519769482
0.0242614950985
-0.0112951342016
-0.0360767506063
0.0957174301147
0.0511619262397
0.00114169670269
-0.00325332465582
0.0854234918952
-0.0197864230722
-0.00966979749501
0.00144362542778
-0.0383663512766
-0.0150642441586
0.00385448965244
-0.00890652928501
0.0268665999174
-0.0783897265792
0.0423501096666
-0.0643281564116
0.0841685011983
0.0431321784854
-0.0807303115726
-0.0759461000562
0.0228062905371
0.0399989373982
-0.029113471508
-0.0349201671779
-0.0310627743602
-0.0896399766207
-0.134512737393
-0.0352935269475
-0.00667141191661
0.0194670259953
0.0509153269231
-0.0175421070307
-0.0327201485634
-0.132320687175
0.0483160093427
-0.0416472963989
0.0156287010759
-0.0249778199941
-0.0306980926543
0.134199261665
-0.00403226912022
0.131050676107
-0.0923330709338
0.140138179064
-0.00865395832807
0.0427554734051
0.0581575147808
0.109757661819
-0.000696911418345
-0.143589913845
-0.0812123119831
-0.0303569566458
-0.0574026927352
0.0190834701061
0.000109928587335
-0.0826118141413
-0.0430916324258
-0.049852527678
0.0815937668085
0.02211468108
-0.0592521391809
-0.024307642132
0.0431957691908
-0.0606974363327
0.0231671966612
-0.0197900161147
0.120238743722
-0.0157000385225
-0.0848535522819
-0.122748695314
-0.00880562514067
-0.0286336746067
0.00716023473069
-0.0340056084096
0.044381018728
-0.0940922796726
-0.0229509100318
0.0898377001286
0.0882664695382
-0.072611220181
-0.0364990383387
-0.0266606584191
0.0220130570233
0.00783800706267
0.0938003957272
0.000635906122625
-0.00492316344753
0.0257289838046
0.0306818913668
0.0710273012519
0.0796847939491
-0.0545063763857
-0.0802303776145
-0.0620280504227
-0.0782988145947
0.0821272954345
0.047644559294
0.0234313886613
0.112582162023
-0.0862485319376
-0.0292336978018
0.108514636755
-0.0584530048072
-0.0615827590227
-0.0236030165106
0.117624074221
-0.0896845012903
-0.0346568748355
-0.0368051305413
-0.0192371234298
0.134534418583
-0.00209712795913
-0.00279539055191
-0.0765845105052
-0.0372445695102
0.00494614709169
-0.0519922748208
0.00863210484385
-0.0103896409273
0.0264251288027
-0.0619181580842
0.132647052407
-0.107459507883
-0.0651038736105
-0.0374527014792
0.0239990055561
-0.00435590976849
-0.0620523504913
-0.0195462871343
0.0129165956751
0.116782419384
-0.0759472697973
0.0509524904191
-0.0403009243309
-0.0492902845144
-0.00301223434508
0.0023701293394
-0.055578622967
-0.0309406332672
-0.0575715340674
0.076214261353
0.0358956232667
0.127040013671
0.0840245932341
0.00868623703718
0.0901504084468
0.0236389618367
0.0748576149344
-0.078572794795
-0.0771274939179
-0.00921723712236
0.120280236006
-0.0646507143974
0.0534288622439
-0.0248701479286
0.122388891876
0.0787448436022
-0.0324862487614
0.11486736685
-0.0381745845079
-0.0436763353646
-0.0436867587268
-0.0115223899484
0.0815291106701
-0.0454354733229
-0.0269286502153
0.0326589085162
0.0490244477987
-0.0746572166681
0.0678508803248
0.189565896988
-0.0190117992461
-0.0491096228361
-0.0504872649908
0.0353819467127
0.0187989510596
-0.0354846194386
-0.0484748408198
-0.101192638278
-0.0409452617168
0.014952680096
-0.0435523092747
0.0278775207698
-0.0258653797209
0.0284910686314
-0.011368913576
-0.0459955893457
-0.113041609526
-0.0508813224733
0.0144470809028
0.0188400615007
0.0611837171018
-0.0246757026762
-0.0780045688152
0.0572490282357
-0.118658356369
-0.00687828473747
-0.0989942103624
0.107192471623
-0.0400816649199
-0.057542167604
0.0601682588458
0.0791633427143
-0.0368044637144
0.0126715758815
0.00804504752159
-0.0448885969818
0.0963983982801
-0.0397662892938
0.123093560338
0.0226458646357
0.0290897097439
-0.0911089926958
-0.0737316384912
0.0539498105645
-0.00961133278906
-0.0160317178816
0.0103831896558
-0.00143854354974
-0.0377754829824
0.0231441799551
-0.050360288471
0.046962659806
-0.0143079664558
0.0356123410165
0.068476498127
0.0846159160137
0.067887596786
0.0971865281463
-0.0246864818037
0.00822295527905
0.0414119325578
0.0379793085158
0.149659052491
-0.0200837776065
-0.0603789947927
-0.021146170795
-0.0540675148368
-0.0331461839378
0.114389292896
0.0809993296862
-0.00700407056138
-0.0429375059903
0.0335791297257
0.0464842021465
-0.0682667344809
0.0715375840664
0.0549850873649
-0.0938901379704
-0.0947725251317
-0.0640304535627
0.0859321504831
0.0919781774282
-0.095304325223
-0.00405875220895
-0.0173639245331
0.0840977877378
0.0642258152366
-0.0423964709044
0.0145579241216
-0.0111935958266
-0.0503773093224
0.0664095878601
0.0239087995142
0.0118861449882
0.0303706079721
0.0134566407651
-0.0106387566775
-0.166819542646
0.00219296454452
0.0245070941746
0.153521507978
-0.0305045060813
0.0541213192046
0.0247167311609
-0.01495037321
0.0564157962799
-0.0750601068139
-0.074259288609
0.0619546025991
0.0667160004377
-0.00594163965434
-0.0228267740458
-0.0795263722539
-0.0254770331085
-0.0743146315217
-0.0687981620431
0.00645655579865
0.0256011988968
0.0620917566121
-0.120716892183
0.00191111548338
0.0584599301219
0.0128305861726
-0.00264243828133
-0.000423997204052
-0.0384470187128
-0.0462046675384
0.0214591100812
-0.0154373962432
0.0213354043663
-0.0109582142904
-0.160492539406
-0.102574206889
0.0793593525887
-0.0742687359452
-0.0119775366038
0.0634315907955
0.0423113442957
0.0067072911188
0.0304305069149
-0.0952686816454
-0.0306629724801
0.0662749186158
-0.0774096921086
0.109860040247
0.0389933437109
-0.0511984042823
0.031906478107
0.0456726327538
-0.0629290863872
-0.0792628750205
-0.0853231698275
0.121130950749
-0.0677186846733
0.0740166902542
-0.0374398753047
0.0425309948623
0.116577886045
0.0398708283901
0.0472539179027
0.00604275660589
-0.150751546025
-0.00347093818709
0.114481218159
-0.0133376745507
-0.00555421644822
-0.058073464781
-0.0134497694671
-0.0139238443226
0.0203742962331
-0.0617676004767
-0.118184663355
-0.0423536710441
0.0278462674469
0.113918498158
-0.021583089605
0.0314787998796
-0.00979978125542
-0.045343067497
0.100305534899
-0.0113650290295
0.0666005685925
0.0393131673336
-0.0419399216771
-0.0186910368502
0.00533847464249
0.0506807267666
0.0765021815896
0.0169906914234
-0.0222651790828
0.121803127229
-0.0541593208909
-0.0230018757284
0.0532579049468
-0.0457739941776
-0.00795995444059
0.0464368723333
-0.100137606263
-0.0921201407909
0.149382784963
0.0441461913288
-0.0972763597965
0.127229705453
0.0389196835458
0.0732096135616
0.0752451717854
-0.0597645230591
-0.0442992784083
0.0598969459534
0.0488062985241
0.0331159569323
0.0618579909205
-0.0711029842496
-0.0316409282386
0.0182387176901
-0.00501619465649
-0.00613212026656
-0.0874949619174
0.0691118612885
-0.0387553982437
-0.0471896342933
-0.00096835748991
0.0520077310503
0.0427064225078
0.016237238422
0.0115065686405
-0.0104314107448
-0.0366352312267
-0.0485330447555
0.0302123259753
-0.105018571019
0.0494300574064
-0.014620706439
0.0596637539566
-0.03637547791
-0.0584911964834
-0.00277549726889
-0.0420120768249
-0.141622155905
0.0560533553362
-0.0233840774745
-0.0477392226458
0.0631722807884
-0.0579227618873
-0.0591298341751
-0.0202400460839
0.0533882528543
-0.00369838206097
0.0269279312342
-0.0541508235037
0.0250231530517
0.108300432563
-0.113488577306
-0.00545990280807
-0.0200026798993
0.0528781153262
0.0125629222021
-0.0227996204048
-0.0565641261637
0.0466629378498
0.0948560759425
-0.054600931704
-0.000500412250403
-0.0267760511488
0.0459098815918
-0.0497655756772
0.0369290150702
0.0739469006658
0.0143990637735
0.167031347752
-0.112210795283
-0.107815533876
0.0262875407934
0.0267730820924
-0.0687524229288
-0.0479718074203
0.112504027784
-0.0104542477056
-0.0782480612397
-0.0288322065026
-0.00896945409477
-0.00913061201572
0.0352893359959
-0.0593683868647
0.0567975826561
0.0426038205624
-0.10896294564
0.0229992903769
0.0580503195524
-0.0356711596251
-0.0342187732458
-0.106588989496
-0.0109461108223
0.117130763829
0.0586138814688
-0.0326585769653
0.0558985099196
0.0365096181631
-0.12262827903
0.0655531436205
0.069916203618
0.0218904968351
0.0722697675228
0.0964647382498
-0.0059330528602
0.0531796514988
-0.00568062625825
0.0777266323566
0.0935444906354
0.0580714531243
-0.000665624218527
0.0588364601135
0.0673497095704
-0.0231111682951
-0.0406171604991
-0.0131266117096
0.0815148204565
-0.0243207868189
-0.0208674632013
0.0859039723873
-0.0678919926286
-0.0233127530664
-0.0324478149414
-0.0212734043598
0.131387248635
0.159054085612
-0.0158204324543
0.0526848435402
0.0267053004354
-0.0649050995708
0.0256964378059
-0.00440682610497
-0.023740503937
0.0229491889477
0.105833798647
-0.000766091106925
-0.0591008067131
0.109198443592
-0.0168997496367
0.0198850762099
0.0087902052328
0.00106844201218
-0.000227301672567
0.0918562486768
0.0546901002526
0.0381295755506
-0.0887743458152
0.0149485934526
0.0164762176573
-0.101361654699
-0.0597197636962
0.0847649350762
-0.0855186209083
0.142070367932
0.131162747741
0.114176526666
-0.0168707296252
0.0640080720186
-0.0299453120679
0.00162412703503
-0.0561701506376
-0.0552198216319
0.0272996593267
0.130963236094
-0.0411390177906
0.0561979115009
-0.0335187651217
0.0253459084779
-0.0572036802769
0.00799215119332
-0.110698692501
0.00415587658063
-0.0498315803707
-0.0545845739543
0.0749892890453
0.0366836041212
0.00103221961763
0.0716598257422
0.0256198327988
-0.0743553116918
-0.0279597882181
0.029506508261
0.0255966689438
-0.039195664227
0.0923082232475
0.0612015463412
0.0430448353291
-0.0241476986557
-0.0342477820814
-0.106907375157
0.0321628339589
-0.0483334511518
0.0461328960955
-0.0299897268414
0.0492215044796
-0.0289624892175
-0.0761658996344
-0.0432473570108
0.0402910225093
-0.0647498220205
0.05955196172
0.0542307421565
-0.0400920547545
-0.0500323176384
-0.064704708755
-0.0328585505486
0.122708462179
-0.0449435263872
0.0739976987243
-0.00403060344979
0.0546938888729
0.0442661233246
0.047218490392
-0.0390226915479
0.0644432157278
0.0306829605252
-0.0498943440616
0.114880591631
0.00897176843137
-0.0749874934554
-0.0203704759479
0.113677605987
-0.0756890624762
-0.0613645240664
-0.0624533556402
-0.0528308302164
0.104333251715
-0.0732472911477
0.154048994184
0.056497387588
0.0703594014049
-0.0339311026037
0.0105756418779
-0.0412695631385
0.0379813015461
0.0461357794702
0.0274317264557
-0.0945985540748
0.00650623627007
0.0433266311884
0.0134822521359
0.14746953547
0.0759388953447
0.066076412797
-0.0240870006382
0.0398254469037
0.0756055191159
0.0527271442115
0.106727689505
-0.0228533353657
0.0031201292295
-0.0853225067258
0.0252121817321
0.0327283367515
0.00367432110943
0.0350611060858
0.165734425187
-0.025549588725
-0.0851630121469
-0.0515724793077
0.133207961917
0.0973679125309
0.101574704051
0.0591257661581
0.130313172936
-0.000999738927931
0.0475618541241
-0.00852167513222
-0.0918096527457
-0.0296147726476
-0.0523588135839
-0.0758762508631
-0.115124277771
-0.0591958016157
-0.0411590896547
-0.0533132851124
-0.023116119206
0.144920855761
-0.0147252725437
0.222480177879
0.0470918752253
0.043095510453
0.0795844122767
-0.089784167707
0.138761743903
0.017630636692
-0.0409807190299
0.0515971444547
-0.0140784922987
0.00135000667069
0.0485854521394
0.0650595501065
0.0096542770043
0.0366067700088
0.0855330005288
-0.0140155730769
-0.0736637413502
-0.0591734312475
-0.0931990891695
-0.0323091596365
-0.0134522039443
-0.00843343511224
-0.0178592838347
0.130480870605
-0.0772780701518
0.0190326049924
0.00725667597726
-0.0704370737076
0.0447271093726
-0.0285458844155
-0.033907815814
-0.03813585639
0.0137517582625
-0.111797824502
-0.0506050251424
0.00667855655774
-0.00849123299122
0.0279260836542
-0.10815063864
-0.0550452247262
0.0513394400477
0.0609192214906
-0.0521558485925
-0.0510982833803
0.0713080614805
0.074655726552
-0.0157550275326
0.170633018017
0.112829111516
0.0159801132977
0.12553806603
-0.0807705894113
-0.205341398716
0.0104409353808
0.11519087106
0.0318738855422
-0.0904150530696
-0.0399012118578
-0.190636515617
-0.00764081347734
0.0729400962591
0.0426843762398
-0.00307659944519
-0.00258841039613
-0.0534450635314
0.0650541037321
0.0708975717425
-0.11047051847
0.00247432035394
0.118181265891
0.11635877192
0.0114096561447
0.0180850103498
-0.00531663792208
-0.125765234232
-0.0528755560517
0.125751033425
-0.0449551604688
-0.0083294948563
0.154660135508
-0.0669957026839
0.0770959630609
-0.00985011924058
0.204674527049
0.00202691438608
-0.110598146915
-0.0419912934303
0.0765859931707
-0.0443473272026
-0.0805922225118
0.0231062434614
0.0203696172684
-0.0240053385496
0.0997823551297
-0.015991890803
-0.148763269186
-0.0356863848865
0.0856231823564
-0.00196514627896
-0.0261713583022
0.0869890227914
-0.00946243200451
0.0445146225393
-0.083272241056
0.11901293695
0.009282451123
-0.0653552114964
0.112386219203
-0.124375864863
-0.135063275695
-0.0219649057835
0.0157540310174
-0.133640125394
-0.0765930637717
-0.036497823894
0.0687285512686
-0.0434772521257
0.00656492030248
-0.0457390323281
0.047055426985
-0.00327195366845
-0.0304300505668
-0.0625528693199
0.115131154656
0.00616004643962
0.0419249124825
0.000349944719346
-0.0102717448026
-0.0549410954118
0.18523094058
-0.0242200307548
0.0729175135493
0.155020147562
-0.034739907831
0.0152189387009
0.0246430654079
0.0899909734726
0.0908189862967
-0.0739872679114
-0.0395739153028
-0.0388140380383
0.0191371291876
-0.12377936393
-0.037923913449
-0.0942819416523
-0.0201018638909
-0.0345085859299
-0.0135533520952
0.1242326051
-0.0575524009764
-0.0292949546129
-0.0925161764026
-0.0605672523379
-0.0366944856942
-0.0403667986393
-0.0624011084437
-0.0918664932251
0.0677173659205
0.0407176353037
-0.0114118987694
-0.0842851474881
-0.131787523627
0.0513561330736
-0.00572983175516
-0.13381536305
-0.0657218024135
0.0058485083282
-0.0236277058721
-0.0599808208644
0.101697362959
0.0931067317724
-0.137814849615
0.0458984673023
-0.0598208233714
0.123229846358
0.118579395115
-0.0807166025043
0.0568758100271
-0.0440490432084
0.0536803044379
0.120344236493
-0.104666441679
-0.0387051552534
-0.121886000037
-0.0521051213145
0.0681861788034
0.0766827911139
-0.0592670626938
-0.11670883745
-0.0196435190737
-0.0346209332347
-0.0124580832198
-0.0915065407753
-0.0256024841219
-0.0352126955986
-0.0914309248328
-0.0524406768382
0.00104476546403
0.0603628531098
-0.0579293891788
0.00699614593759
-0.0210039764643
0.0584414750338
0.0386207513511
0.0650016665459
0.0605141893029
-0.0203868392855
-0.113002493978
0.0262530911714
0.152475968003
-0.0728718340397
0.0163980908692
-0.068697579205
-0.0410899184644
0.0166014973074
-0.10990472883
-0.0318563766778
-0.0353023409843
-0.105157926679
-0.122802056372
-0.0831908509135
-0.04778617993
0.0171864982694
-0.0283689517528
0.0700291767716
0.117251999676
-0.0574156865478
0.0306055396795
0.116117954254
0.0222709067166
-0.0930847451091
0.136628165841
-0.053605504334
0.123053111136
0.104874290526
-0.0412021689117
-0.115290589631
-0.0421470925212
0.123081743717
0.124775640666
-0.00170986982994
-0.0633528977633
0.0419062077999
0.110485769808
-0.0252558384091
0.0305148009211
-0.00319147505797
0.0105868056417
0.148139715195
0.0827265009284
-0.0193952284753
-0.036729760468
-0.056585483253
-0.0608263835311
-0.0827092155814
-0.0111650740728
0.108757264912
-0.103512234986
0.106096938252
-0.0480490513146
0.0204065740108
-0.109464511275
-0.0613804534078
0.096824541688
0.0126139838248
-0.0667871907353
0.11406544596
-0.142162978649
0.0382824875414
-0.035970132798
0.0484785474837
0.028251722455
0.0827116444707
-0.0428557433188
0.00756586669013
-0.0192304011434
0.0716104954481
0.0698991194367
0.0617812313139
-0.114737227559
0.0328836254776
-0.0460610426962
-0.0224896371365
0.0165581069887
-0.0225854162127
0.0414069779217
0.0909964814782
-0.130007535219
0.0716499984264
-0.0588331334293
-0.126409813762
0.110878668725
-0.0345271416008
-0.0562867000699
-0.0481132045388
-0.0275845602155
0.0263111386448
-0.0338224619627
-0.081554427743
-0.0357431471348
0.140785142779
0.0567940212786
0.0498870462179
-0.070214368403
-0.0512437261641
-0.0537629537284
0.07492736727
-0.0300800520927
-0.0130179580301
-0.0660034790635
0.0606056451797
0.027695544064
0.145785391331
-0.0476054102182
0.0144662624225
0.0609315447509
0.122991807759
-0.0791794136167
-0.0490941032767
-0.0823869258165
0.0181763842702
-0.0319821611047
0.0564308352768
0.0539428628981
-0.0485365353525
-0.0325242765248
-0.0358473658562
0.133369550109
-0.100519090891
0.0632672607899
0.031008483842
-0.138197928667
0.00462723104283
-0.00923632085323
-0.114729419351
0.0752901658416
0.185744225979
-0.0087149804458
0.0103316241875
0.010372294113
-0.0211835391819
-0.036746956408
-0.0532732121646
-0.0387143529952
0.058042678982
-0.175639808178
-0.00502609368414
0.0989994183183
0.0628742873669
0.0268779229373
0.00716110970825
-0.00747910467908
-0.104872621596
-0.0750482007861
0.113454304636
0.121588177979
-0.0491350479424
0.0169670451432
-0.0932548716664
0.0756961405277
-0.0146723669022
0.0443279072642
0.0257004220039
-0.0752347111702
0.0313067287207
0.0052544795908
0.0456147640944
-0.0615420266986
0.0558716095984
0.0949419811368
-0.0188798326999
0.0416155867279
-0.0190048050135
0.0339264571667
-0.0227982252836
-0.0348411723971
0.0622885674238
0.0636244937778
-0.0427615940571
0.0219287909567
0.118698790669
0.017867455259
0.0637808591127
-0.0696972981095
0.0318037569523
-0.0142015162855
-0.132815420628
0.0669328346848
-0.144645765424
0.0225853770971
-0.0248116049916
0.0452786013484
0.0339622832835
-0.06502173841
0.030344337225
0.0168888345361
-0.00361215579323
0.0270584151149
-0.056109841913
0.0246495772153
-0.0325129292905
-0.0424932986498
0.118416413665
0.0394608825445
-0.0141100296751
-0.0646906197071
0.0845386013389
0.194367811084
-0.0886182263494
0.0819823220372
0.137711346149
0.0344877578318
0.0171400569379
-0.0816569328308
-0.128150269389
0.151304841042
0.0346743091941
-0.0486575439572
-0.0960998237133
0.0124173024669
-0.0236488729715
0.058137498796
0.0539254657924
0.0941078662872
-0.0300904568285
0.005228521768
-0.103184364736
0.00745753757656
0.0450835488737
0.128404334188
0.0449305325747
0.0260230451822
0.13808389008
-0.145672976971
-0.0111761242151
-0.0164336692542
0.0163095481694
0.101655587554
0.0479868799448
0.0499412566423
-0.0319291763008
0.000803504895885
-0.0678850635886
-0.0492431111634
0.131453156471
-0.0551374927163
-0.0665928646922
-0.0174602624029
0.097487077117
-0.0814154371619
-0.0450943894684
-0.0904176682234
-0.0723948031664
-0.0311702173203
-0.101085714996
-0.0102097392082
0.00466809188947
0.121816426516
-0.0177369881421
-0.153934806585
-0.0114211402833
-0.062379360199
0.118590816855
0.0098952203989
-0.00442140316591
-0.0517659112811
-0.0699310749769
0.0433947965503
-0.0126306656748
-0.0882267728448
-0.0236048717052
0.0500412173569
-0.0441616736352
-0.126093015075
0.0339104272425
-0.225210890174
-0.016121963039
-0.0785797089338
-0.0458186455071
0.0974742770195
0.100344575942
-0.0108744949102
0.0272613335401
-0.048604413867
-0.0297695156187
0.0421972163022
0.163447663188
0.0489075966179
-0.121630996466
0.0301472730935
0.110982120037
-0.025489192456
0.0208967216313
-0.0542452037334
-0.0632967725396
0.0823352187872
-0.0781368091702
-0.023087464273
0.108091644943
0.122790448368
0.0618238039315
-0.0817059129477
-0.048299189657
0.0496432594955
-0.075847953558
-0.0388500541449
0.151474833488
0.0287839155644
0.0177645739168
0.00334035628475
0.15647944808
0.164377272129
0.0920106098056
-0.0519371256232
-0.0474240295589
-0.00164564244915
0.122017003596
0.0076071806252
0.0575221255422
-0.0160245317966
0.121843151748
-0.0119699230418
-0.0634031742811
-0.00717807421461
-0.0311832763255
-0.0638540759683
0.0614946037531
-0.0931631475687
0.0883977636695
0.0316802412271
-0.0604345314205
0.0214601270854
-0.0751754269004
-0.0083558568731
0.0500019416213
-0.00919855292886
0.0739130452275
0.129954889417
0.000377731135814
0.0410279259086
-0.0377451106906
0.00523510621861
0.0634867399931
0.0620366260409
0.0942587181926
-0.0119249774143
-0.116537548602
-0.0947530791163
0.0621621981263
0.00228940905072
-0.0668925717473
-0.0893383473158
-0.0546475574374
-0.0368914008141
-0.105835266411
0.00324437231757
0.0905385091901
0.0195569358766
-0.0274864640087
-0.0111540695652
-0.00864769984037
0.111652962863
0.0189810730517
-0.0867942422628
-0.0341480113566
-0.0542831942439
0.126147925854
-0.0263984557241
0.103433139622
0.0178907513618
-0.0125191165134
0.0637848973274
-0.0480786710978
-0.0237727109343
0.0953815579414
0.0086970794946
0.1001682356
-0.0246849581599
0.0694341510534
0.0835343375802
0.0182081758976
0.0422943495214
-0.0583435259759
-0.0676955804229
0.036303948611
0.0591840595007
0.0319482833147
-0.0180687755346
-0.0914297997952
0.101262196898
0.0622018352151
0.00177002663258
0.00257737538777
-0.029270613566
-0.0607271268964
-0.144245520234
0.0044146515429
0.187507554889
-0.000524684379343
-0.0287402719259
0.0275183450431
0.0526798292994
0.0229163356125
-0.0319494344294
0.0313763692975
-0.0709742084146
-0.052988179028
-0.0640310421586
0.0113145168871
0.0723765492439
-0.0114620113745
-0.0222189035267
0.152194917202
0.127226263285
-0.00992547161877
-0.000100875680801
0.0235331412405
0.0379194431007
0.0290320310742
-0.105560921133
-0.131181821227
0.17290109396
-0.0751827135682
-0.0392698831856
0.082385994494
0.0241584461182
-0.0241580419242
-0.131753996015
-0.0923274606466
0.0215265676379
-0.103353895247
-0.129330083728
0.044144436717
-0.0414332151413
-0.0219996348023
0.0544200949371
0.0228441134095
0.099847972393
-0.00922464765608
-0.00720068486407
-0.085576236248
0.027613516897
-0.14560867846
0.0299901552498
0.0501756854355
-0.00717498827726
0.0207677502185
-0.0957341939211
-0.0450513698161
-0.0062634148635
-0.0137603962794
0.129815936089
-0.0440144203603
-0.0828947499394
0.0927710682154
-0.0449518151581
0.0561431758106
0.0446327328682
-0.130572766066
0.106657557189
-0.073152333498
0.0373398773372
-0.013355483301
0.010999028571
-0.0986261069775
0.0147456414998
-0.0951424837112
-0.120384179056
-0.0203331336379
-0.00741204526275
-0.0722475647926
0.0943832620978
-0.0796016231179
-0.118003621697
-0.0405742451549
-0.11829225719
-0.0194186605513
-0.00429136306047
-0.133706122637
0.0175018273294
-0.0377776324749
0.121878951788
0.032731063664
0.0146965449676
-0.178078383207
-0.0672358870506
-0.00996819138527
0.0605120845139
0.0814714804292
-0.0368024520576
-0.0325525142252
-0.0195840578526
-0.0493868142366
-0.0155170373619
0.0312286224216
-0.00982842594385
-0.0425272248685
0.0893038585782
0.0266587734222
0.0017407228006
0.0255512204021
0.10725133121
0.108492948115
0.0197988934815
-0.00860297959298
0.0159256588668
0.037872415036
0.170160368085
0.144788652658
0.00548402406275
0.00125416752417
-0.064545288682
0.0595910474658
-0.0632542818785
0.11194678396
-0.0714103281498
-0.153006792068
0.0947832837701
0.0235271770507
0.13311509788
-0.0287196710706
0.0571848228574
0.0154717694968
-0.205741167068
0.0454937703907
-0.124363385141
0.0363362394273
0.0492451228201
-0.16485708952
-0.0116736711934
0.030844155699
-0.00419595371932
0.00474433973432
-0.0639868527651
-0.0869418084621
-0.0156097132713
0.0880278274417
0.132853731513
-0.0601234510541
0.0220383554697
0.014774363488
0.0275134053081
0.0694379806519
-0.0218576267362
-0.0556766428053
0.0299514923245
-0.0132734831423
0.0643222257495
0.0125766536221
-0.0910191386938
0.0625754073262
0.088629283011
-0.0228958055377
-0.0419795885682
0.156182095408
0.0230111014098
-0.0962908938527
-0.0547844432294
0.054450172931
-0.0134741505608
-0.0823693647981
-0.039876062423
0.163050591946
-0.0348803438246
-0.0676749944687
-0.0265160389245
-0.0328604541719
-0.00762446597219
0.0244059693068
0.0764893293381
-0.0588101260364
0.0463132336736
-0.0626724511385
0.0429963134229
-0.0122116338462
0.131172567606
0.0541193932295
-0.0186281315982
-0.00460951589048
-0.123424425721
-0.0305697657168
0.0118019478396
-0.0985770225525
-0.109363988042
0.0433544404805
0.00875926949084
0.0226313788444
-0.0580769255757
0.0384579487145
-0.0265298020095
-0.0162944998592
-0.0611601918936
0.0693872570992
-0.0695625692606
0.0323977172375
0.213922694325
-0.0780896022916
0.105010531843
-0.0163451693952
0.0635318681598
-0.0958725884557
0.05673532933
0.177194446325
0.0144783835858
-0.068119674921
0.066865645349
-0.0801973193884
0.0633709207177
-0.0816702246666
-0.0351177342236
-0.0746195390821
0.0595024563372
-0.0134311001748
-0.093265928328
0.0129740387201
-0.0294516328722
-0.134169757366
0.16627946496
0.0893384069204
0.133395910263
-0.0672990679741
0.0224192924798
-0.0622533001006
0.0791107043624
-0.0020099862013
0.0763827487826
-0.0727268829942
0.0714892446995
-0.0306967310607
-0.0891860798001
-0.0601665303111
-0.11953137815
-0.010065943934
-0.0207587815821
0.111112810671
-0.0119209829718
-0.0804575681686
0.0012830235064
-0.102402314544
-0.088226146996
-0.0334740690887
-0.0930699110031
0.112756736577
0.0339013077319
0.139037579298
-0.0943096503615
0.0489683672786
-0.11881993711
-0.0953383594751
0.126270517707
-0.020915614441
0.0880851075053
-0.0587042048573
-0.0692527517676
-0.0878856703639
0.100508823991
0.0460873097181
-0.168764859438
0.0877195224166
0.030768180266
0.0658622533083
-0.0422988831997
0.104764126241
-0.0921756178141
0.0165590476245
0.060809571296
-0.10791310668
0.0761558339
0.0744291394949
-0.16234895587
-0.114461824298
-0.0749724432826
-0.0116049898788
-0.134300917387
-0.00832485873252
0.0562096238136
0.0438620150089
-0.0700561329722
0.0390276648104
-0.0981470271945
0.0283561851829
0.0855169519782
0.0202638041228
0.0201587714255
0.124571911991
0.0416878387332
0.0657617151737
-0.0655984655023
-0.0314180664718
-0.0729473754764
0.0659304335713
-0.0467790290713
-0.00332078896463
-0.0919199585915
0.0267975851893
-0.025489827618
-0.0822235792875
-0.0482751242816
-0.0568757839501
-0.0355473011732
0.0445101410151
-0.00563415931538
0.00155395630281
0.041348233819
-0.0211051274091
-0.0759595781565
0.0257660616189
-0.145037457347
0.0156290084124
-0.026356074959
0.0640512928367
0.0293274410069
0.0650039166212
-0.0680777877569
-0.211267203093
0.0146957729012
0.041370883584
0.211629793048
-0.0591483488679
-0.0338234864175
0.0298110041767
-0.0144096650183
0.119877107441
-0.00445526698604
0.0438437014818
0.0480869710445
-0.0996031090617
0.0393487587571
-0.035610947758
0.00419764779508
-0.0102705704048
-0.0990148410201
-0.0238165482879
0.0027613369748
0.0092600081116
-0.113717325032
0.109983019531
-0.0444917269051
0.207166150212
0.0589455142617
-0.051695343107
0.0208836011589
0.0739958882332
-0.00270379870199
-0.143124714494
-0.0516040585935
0.048695448786
-0.0787129402161
-0.0875255018473
0.0574996694922
-0.0501833446324
-0.0896491631866
-0.00575617933646
0.0544851049781
-0.0267090201378
-0.00763590680435
-0.120203822851
-0.110447600484
0.0801602005959
0.123537376523
-0.129806771874
-0.0366829708219
-0.0849202573299
0.062948204577
-0.0531547181308
0.0368451625109
0.108198866248
-0.0258799530566
-0.0674306675792
0.0368053652346
-0.0626634582877
0.129364848137
-0.00594765972346
-0.0658812820911
0.099257722497
-0.107215747237
-0.0514678768814
0.12008356303
-0.108155429363
-0.0962687060237
-0.0797866508365
-0.0463992841542
-0.0876402035356
0.0754367932677
-0.00482336012647
0.00321406195872
0.0406794808805
0.0848881602287
0.0889712423086
-0.0250137429684
0.102288834751
0.098346054554
-0.0645088031888
-0.015242873691
0.0123572610319
0.126184359193
0.0624832846224
-0.0391753725708
-0.0267348643392
-0.0427693575621
0.0440512560308
0.117323704064
0.0376657657325
0.090269073844
0.00406247517094
-0.0551117062569
-0.0579115152359
-0.0454310625792
0.02420094423
0.0496832877398
-0.171082600951
-0.145265802741
-0.114818423986
0.0115490509197
-0.0765334442258
0.16369882226
0.0428353846073
0.0654258131981
0.0395203866065
0.0489901080728
-0.135972514749
-0.0774349048734
0.066818729043
0.03751097247
-0.00472247879952
-0.137365058064
0.00824902858585
-0.0882668197155
-0.0361184105277
0.0604960098863
0.053249489516
-0.0990435630083
0.161064326763
-0.00210540532134
0.0663214996457
-0.0332541055977
0.098469465971
-0.0384481288493
-0.00343003007583
0.019621880725
0.00597893027589
-0.0535612925887
-0.114704608917
0.0384880378842
0.00451007392257
0.0353961102664
-0.0259475465864
0.00457654567435
-0.0235731601715
-0.0877650827169
-0.0323067642748
0.0768671035767
-0.00567746255547
0.0421802215278
-0.0586998276412
0.00830587930977
-0.0556712634861
-0.0684084221721
0.00176347431261
-0.045042809099
0.0627757236362
-0.0804856643081
-0.0444805882871
0.0523788444698
0.0389778614044
0.110912457108
-0.134949892759
0.0160974040627
0.0523621626198
0.0368729196489
-0.0203496105969
0.0752869993448
0.075889416039
-0.0127773312852
-0.0121687427163
0.00216526328586
-0.0592271536589
0.066778473556
-0.0295053273439
0.0531952232122
0.0601701587439
-0.108695052564
0.0351624786854
-0.0532726347446
0.00899712275714
0.00543906632811
0.0175285059959
0.010807832703
0.0996916890144
-0.00473499810323
-0.0214789044112
0.0236909650266
0.0398204699159
0.0771962106228
0.0133538302034
0.0293255914003
0.024023052305
-0.0867278724909
-0.101206332445
-0.0811392515898
0.0147945219651
0.0946249738336
0.0179000217468
0.00563508691266
-0.00308029167354
0.0354643911123
0.0377277284861
-0.0074194772169
-0.035983491689
-0.0375219471753
-0.0342622324824
-0.163883075118
-0.00671248324215
-0.131874322891
-0.0439174734056
-0.0614203177392
0.0145130483434
-0.132591307163
0.0982088521123
-0.021179985255
0.0769378915429
-0.0611700192094
0.0385039038956
-0.0527568235993
0.0712323561311
0.0257020108402
0.157788440585
0.0667481571436
0.0342091545463
0.0599642246962
0.0733068957925
0.075476706028
-0.113692954183
-0.0349645167589
-0.0731152072549
-0.0407542362809
-0.0812285318971
0.00171233923174
0.0158754512668
-0.0777065679431
0.0738475546241
-0.0579335130751
-0.066080160439
0.0657311305404
0.134828478098
-0.0795651897788
-0.0465517602861
0.0511444881558
-0.146565869451
0.00357788125984
-0.102193921804
-0.0415422581136
0.0702305063605
0.0491654351354
0.0904728919268
0.072468534112
-0.0262439921498
-0.0258471444249
0.146155625582
0.0435358434916
0.067693978548
-0.220402121544
-0.0553955957294
-0.0936116427183
0.0648789927363
-0.0750022903085
0.0625561997294
0.0510204955935
-0.110293976963
0.11603281647
-0.0645513758063
0.015440155752
0.0540566705167
0.00816259346902
-0.0543581731617
0.0203234348446
-0.0800073891878
0.0912783145905
-0.0771849006414
0.146671250463
0.0398990549147
0.0566681623459
0.0279656741768
-0.0454601496458
0.093693010509
0.0172818899155
0.0654452890158
0.0225802045316
-0.0629297792912
-0.0472725182772
0.00439882231876
0.175872847438
-0.0279528349638
0.168070152402
-0.108551725745
0.0443825647235
-0.0528275594115
0.0614846497774
0.0339892245829
-0.0872958153486
-0.0332931354642
-0.113859437406
0.00412151077762
-0.0904954448342
-0.0704504027963
-0.00539688160643
0.0765423998237
0.0402043424547
-0.168526515365
-0.112414129078
-0.0176641549915
-0.0262168124318
-0.0222082640976
0.000844490597956
-0.0405456610024
0.0509490892291
0.0276280101389
-0.0307377781719
0.0642325207591
-0.0272717997432
0.0151269230992
0.063765026629
0.00153370038606
0.109104409814
0.0345685891807
0.0570964664221
0.0471218638122
0.0449808090925
0.00962747633457
0.0634970217943
0.0172251518816
-0.0443282462656
0.0359223745763
-0.0881944298744
-0.0545776449144
0.00943966116756
0.158299684525
0.040998108685
0.00487189181149
0.0428799241781
-0.0996422097087
-0.0309067033231
0.0559863783419
0.102868296206
-0.0422824136913
0.00709133036435
-0.0365300066769
0.0936546772718
-0.0463214926422
0.0897892266512
0.159022822976
0.0372836105525
0.0109253190458
-0.0823812782764
-0.066799454391
0.00590021908283
0.0170739684254
-0.0258427523077
-0.0360360629857
0.047167699784
-0.0187561959028
-0.0627712756395
-0.125416889787
-0.00688147032633
-0.139359608293
0.0560495965183
0.040154825896
0.111018821597
-0.0305029023439
0.0434578359127
-0.0908687114716
-0.00209687370807
-0.0745402500033
-0.117113657296
0.0154369920492
0.0609839186072
-0.0829086974263
0.0286065209657
0.00156096438877
0.129124835134
0.0113653615117
0.0911323055625
0.0982565507293
-0.00451396638528
-0.0256724357605
-0.094058431685
-0.196575909853
-0.0384260378778
-0.0718046426773
0.0670406669378
0.00904090795666
0.0800161957741
-0.00507452199236
0.00989309046417
-0.0959685593843
-0.0512284040451
0.0325750857592
-0.0843484252691
0.131551802158
0.0190766025335
0.0882177501917
0.0174518655986
-0.178980410099
0.0253141578287
0.115587793291
0.0506705157459
-0.0229622591287
-0.0498182363808
0.00840538740158
-0.0590824112296
0.00989300198853
-0.00375971198082
-0.056243121624
-0.0246773436666
-0.0273426510394
-0.102113462985
-0.0974014848471
-0.0799299776554
0.0317162051797
0.0155118163675
0.00552821066231
-0.094735071063
-0.105064801872
-0.10416483134
-0.0126098105684
0.0915431454778
-0.0311216898263
0.0890764892101
0.0549957826734
0.112103305757
0.0608217306435
0.1796695292
0.0723520219326
0.0594569630921
-0.0213944017887
0.0491907708347
-0.0393830426037
0.11301703006
0.0811936631799
-0.00159649585839
-0.135867491364
0.0101563408971
0.0165694728494
-0.00468896282837
-0.118400961161
-0.0138082234189
-0.0296744406223
0.00254672463052
-0.0190331600606
-0.10111245513
-0.0887445732951
0.0299645978957
-0.0181895811111
0.111783728004
-0.0595114566386
-0.100136823952
-0.0201211925596
0.0869855061173
-0.0297132134438
-0.105745911598
0.00489554554224
0.0402866713703
-0.0586726926267
0.0694545954466
-0.155298277736
-0.0241345204413
0.0458062700927
0.127430170774
-0.136542528868
0.149841874838
0.00712612783536
0.024133792147
0.0715147703886
-0.0818923264742
0.0332270413637
-0.12115996331
-0.0549550354481
0.0271719601005
0.0533941015601
0.0757088884711
-0.0776442363858
0.0294328350574
-0.018557375297
-0.00390032213181
-0.0949971079826
0.022179281339
-0.0942403674126
0.115972660482
-0.0117825325578
-0.0372237153351
-0.0519710294902
-0.00650436291471
-0.0492758341134
0.134833648801
0.0367494523525
-0.0221781227738
-0.0174744892865
-0.0570450127125
-0.0317206010222
-0.0223504696041
-0.00697847595438
0.140502154827
-0.0456444919109
-0.0317428633571
0.0515854209661
0.0334566496313
-0.0227387696505
0.0945923551917
0.0733524039388
0.0581400245428
0.0188442878425
9.00811210158e-06
0.0291688889265
0.0394655615091
0.0176110714674
-0.0548741482198
-0.00987155269831
-0.0302044823766
-0.0287736970931
0.192306175828
0.174117654562
0.0115864239633
-0.0600727386773
0.0788933038712
-0.00208223820664
-0.0460953786969
-0.0621155835688
-0.0977804288268
-0.0245418492705
0.120008267462
-0.015759056434
0.0115327341482
0.0697626397014
0.0781626477838
-0.0506210923195
0.0800349116325
-0.0705222040415
-0.0037266635336
-0.151120066643
-0.0284977015108
0.101872071624
-0.0417337939143
-0.0701018869877
0.0794239863753
-0.105891220272
0.0395381748676
-0.0583706758916
-0.0625112950802
-0.176583662629
-0.0540639124811
-0.0682813897729
0.099809512496
0.0347853302956
0.0456276126206
0.0812396332622
0.0545401796699
0.0143278082833
-0.0716994702816
0.0062818499282
-0.113232709467
0.0271597448736
0.0101655162871
0.0889072716236
-0.0558084994555
-0.035158470273
-0.0622981525958
-0.0103657385334
-0.0725324600935
0.121453300118
-0.119329437613
-0.03992312029
0.0357212759554
-0.0926327258348
0.14041981101
0.0339700803161
0.103553965688
-0.0534079894423
-0.144671186805
0.0778033435345
0.109963089228
-0.014220662415
0.0267286486924
-0.0414426922798
-0.00698336353526
-0.0245620775968
-0.0546148382127
0.0796109363437
-0.0562530905008
0.0157295241952
0.0261705853045
-0.0895595923066
0.0170640051365
0.156929522753
-0.0145939756185
0.026745390147
-0.0790529176593
0.103974476457
0.0042583453469
-0.065460190177
-0.0453650131822
-0.134560868144
-0.0716154649854
-0.0310879796743
0.143101200461
0.0024267884437
0.0450627282262
-0.0459007136524
0.111195169389
0.0602323971689
-0.070719756186
0.0133999688551
0.108623474836
0.0888751521707
-0.0389498360455
0.0553435832262
-0.0261415224522
-0.00234674336389
-0.0340516716242
0.0297795720398
0.0260826591402
-0.0209742691368
0.0503947250545
0.050324447453
0.0502894744277
-0.102145239711
-0.0451493151486
0.0706300288439
0.0248815156519
0.0571993812919
0.0588912144303
-0.12060508132
0.0802121758461
-0.0517585165799
-0.0342894941568
0.0431223846972
-0.0313491821289
0.011653685011
-0.0137093057856
0.0920730382204
-0.0305581521243
-0.00289896968752
-0.0668158531189
0.068814791739
0.109362453222
0.0861578807235
0.0514822788537
-0.0502389073372
-0.0358739048243
0.0850203931332
0.0626416429877
-0.0939543023705
-0.0644886940718
0.173262536526
0.0761700868607
0.0854553356767
-0.0183021891862
0.144692122936
0.0945027172565
0.073690444231
-0.0964983478189
-0.103516124189
-0.158511593938
0.0070627569221
-0.01970715262
0.0471766293049
-0.0335035771132
0.000135141308419
-0.00776491872966
-0.155158385634
0.0172075610608
-0.0569597072899
-0.00921901222318
0.0998942255974
0.0573942959309
0.0295219495893
0.0955567732453
-0.129845991731
-0.0408433265984
0.000363634957466
-0.0518091768026
-0.0227560549974
-0.0621671974659
0.0769294798374
-0.138506039977
0.0350028425455
-0.050066832453
0.102732487023
-0.0761150643229
0.0179042201489
0.072806507349
-0.0728901028633
0.0742578208447
-0.0507273599505
-0.0180878974497
0.023352233693
0.109029099345
0.0431509613991
0.00281223421916
-0.0854879915714
0.10331261158
0.00481753610075
-0.050652064383
0.0440272651613
0.0591419711709
0.0984409973025
-0.0313633829355
0.0268569346517
-0.0290947780013
0.0684109926224
0.0489037446678
-0.00579236261547
0.0284527186304
0.109179407358
-0.00529283750802
-0.0339956656098
0.029649650678
-0.0508749708533
0.158227041364
0.0845223665237
0.00361655256711
-0.0124910306185
0.0081990249455
0.105759061873
0.0328825935721
0.0806790590286
-0.00983933918178
0.0210818294436
0.0661909729242
-0.0685864090919
0.0573781989515
0.0950632616878
-0.199461400509
-0.0132161779329
-0.0572092086077
0.0417490936816
0.0830985456705
-0.0593586452305
0.0713118463755
0.0350210592151
0.082350179553
0.0266348030418
-0.0636758580804
0.147337391973
-0.0303776543587
0.0579351522028
-0.0643685609102
-0.0163734890521
-0.0460406504571
-0.0154320718721
0.0429354347289
0.0203886628151
0.198432847857
-0.0593383610249
-0.00667834607884
-0.0962420105934
0.0378511883318
0.0996535643935
0.120141036808
-0.0966657623649
-0.136486947536
-0.0649450793862
0.0461000353098
0.0111879492179
0.103951476514
0.0582707561553
0.104078054428
0.0187213793397
0.0951215773821
-0.00964172463864
-0.126819983125
0.105473913252
0.045019004494
-0.0156954079866
-0.00619427580386
-0.0776270404458
-0.00750900665298
-0.0529579073191
-0.0591828785837
-0.0598520040512
-0.0800212696195
0.0495727993548
0.165845111012
-0.0447931177914
-0.000896908401046
0.119084194303
-0.0118185281754
-0.00185217114631
-0.0821630060673
0.071099974215
0.0550058111548
-0.108109176159
0.030539881438
0.0179918874055
-0.0228182524443
0.127076491714
0.0287274811417
0.0538685508072
0.0695256739855
0.134251654148
-0.0763307064772
0.0294959787279
-0.118319064379
0.0357517637312
-0.140396654606
0.0470617748797
-0.0539849363267
0.0613710992038
-0.0325543396175
0.0150127317756
-0.0292275268584
0.0620792768896
-0.00547796394676
0.0920662209392
0.0608356930315
0.0473650619388
-0.0122533310205
-0.0259705390781
0.0393376015127
0.127359613776
0.118563733995
0.0894490927458
-0.0470786392689
0.113990910351
0.0521871075034
0.0121157858521
0.0146829783916
-0.106286749244
0.0203925073147
-0.072551548481
0.0668989419937
-0.0818476900458
-0.0754156783223
-0.0121057070792
0.0259153991938
-0.136724576354
0.00773100415245
-0.071223847568
-0.0678638070822
0.104129046202
-0.0141858048737
0.134134158492
0.0634239390492
-0.0156083125621
0.000319589074934
-0.00514402193949
-0.0651068463922
-0.0714343860745
-0.0239526759833
-0.0146344946697
-0.0188035536557
0.0784180313349
-0.110672995448
0.0319693088531
0.0201137661934
-0.0134162260219
0.0918919071555
-0.0939465537667
-0.0731378644705
-0.0263298619539
-0.0180078130215
0.0441624373198
-0.00882394053042
-0.120327189565
0.0201062653214
0.10664190352
0.0523281618953
-0.0251272972673
0.0804640725255
0.0361161641777
-0.0267561674118
0.109016865492
-0.0192880704999
-0.100150339305
0.0171184446663
0.0130867501721
-0.075022816658
0.0137008298188
-0.0271425805986
0.00880304165184
-0.243192434311
0.000104943195765
0.0895056426525
-0.0848361998796
-0.00307627860457
-0.0592083595693
0.0102668954059
-0.0480294115841
0.0735629573464
-0.051108032465
0.0480433888733
0.050754532218
0.0714727789164
-0.034430462867
0.0324399061501
-0.145387530327
-0.0115215126425
0.0096078524366
0.117240265012
0.0448314025998
0.00146997498814
-0.0992704182863
-0.0588361248374
-0.0977270379663
0.00844007730484
-0.0746666043997
-0.0206548124552
0.0654234662652
-0.0392228215933
0.111955419183
-0.0817474126816
-0.162029311061
-0.0524035356939
-0.0335645526648
0.0186044145375
-0.134183749557
-0.00549318175763
-0.0952611863613
-0.0432460308075
0.0552068427205
-0.0256769675761
-0.0763105228543
0.144028425217
0.0348265171051
-0.00835981965065
0.116336651146
-0.0594736374915
-0.0602256916463
-0.160514295101
-0.00224539707415
0.0642331764102
-0.0273555032909
-0.0336969457567
0.0157456267625
-0.0170770902187
0.00295678968541
0.111963301897
0.00102591118775
0.0683629512787
0.0460509695113
-0.0447063371539
0.0439726635814
-0.00184744631406
0.0109045309946
-0.0256376583129
-0.0568332374096
0.0609553530812
0.0212818104774
0.0030913699884
0.0129776569083
0.060209132731
-0.0477417893708
0.0554527044296
0.120544083416
-0.00617243349552
0.0147121790797
-0.0951989069581
-0.0822063982487
0.0620964579284
-0.155129939318
0.104967772961
0.0115204378963
0.0623470544815
0.0559087358415
0.100979179144
-0.0443815141916
0.0961947888136
-0.11135109514
0.0171435829252
0.0692428424954
-0.0236754715443
-0.0478011108935
0.0325279682875
-0.114240311086
-0.0432939827442
0.0745862051845
0.132161602378
0.0585231520236
-0.0500451102853
-0.0161167792976
0.0159676149487
-0.0228537879884
-0.036867570132
0.0782470554113
0.00792693905532
0.179896891117
0.0103449393064
0.27281832695
0.0548203028738
-0.156220719218
0.0259402431548
-0.0272540226579
-0.0224598441273
0.038735371083
0.085370592773
-0.0743870437145
0.0624088868499
0.0460629574955
-0.0449976809323
-0.0204079113901
-0.0518331937492
-0.157002270222
-0.0161600206047
0.0763011351228
-0.0506038479507
-0.0875983163714
0.0308208577335
-0.0168504565954
-0.132233276963
-0.0267642885447
-0.0523809492588
-0.0353388488293
-0.0229710731655
0.0700061023235
0.00282578077167
0.0972247496247
0.048919569701
-0.0358778461814
0.0771153271198
0.127704173326
0.0504559352994
-0.0695998445153
0.0529343858361
-0.113253906369
-0.0467142574489
-0.055725492537
-0.0147764170542
0.137647554278
-0.0437597744167
-0.0464176982641
0.0420710407197
-0.0206205993891
-0.0623047314584
-0.000952653761487
0.0300823375583
-0.091295234859
-0.0855024904013
0.1250911057
-0.0542231351137
-0.0493477061391
-0.00936333369464
-0.183646097779
-0.012047316879
-0.0307292751968
-8.06259195087e-05
-0.0171972811222
0.00890041980892
0.0742038860917
0.0164173301309
-0.135048359632
0.0278840344399
-0.0183912441134
0.0999868512154
0.11000469327
-0.044159617275
0.0750681981444
0.0280610714108
0.131964981556
-0.0385526828468
-0.049217633903
-0.0699116960168
0.0841476023197
-0.03249277547
0.115492016077
-0.0951020941138
-0.05860010162
0.0167505573481
-0.0881276726723
-0.117815248668
0.0906368494034
-0.0137047767639
0.041650608182
-0.134329169989
-0.0409222990274
-0.0254005733877
-0.0241526812315
0.0593930780888
0.0604646019638
0.0187437236309
0.160906165838
-0.042616635561
-0.00932852271944
0.0252714622766
-0.0457323007286
-0.0541196204722
-0.00467999000102
0.0395828187466
-0.0529519245028
-0.106203354895
-0.106025710702
-0.0603718534112
-0.150659963489
-0.0368662439287
-0.0144240837544
0.0376818440855
0.0169774033129
-0.0231605004519
-0.0630009770393
0.000494284322485
0.0774597376585
-0.0162927154452
-0.0489828288555
0.0220426339656
-0.00704246293753
0.0199629925191
-0.143913134933
-0.00152596761473
-0.0160385966301
0.0218234956264
0.0367264300585
-0.0627139210701
0.0170045997947
-0.0107848523185
0.0400410741568
-0.0450628735125
0.0895953699946
-0.131825506687
-0.0358105264604
0.00651862146333
-0.0263426210731
0.0145819084719
0.0960903167725
0.0396622233093
-0.0512779951096
-0.031650993973
-0.00150141119957
-0.0102792056277
0.0410629659891
0.108330778778
0.0409692898393
-0.0331739373505
0.0267406981438
-0.0268257074058
-0.0386924743652
0.0606510676444
0.0685377568007
0.0334055535495
-0.0628328844905
0.0134308692068
-0.0245430544019
0.0230825580657
-0.0272918622941
0.0797590762377
0.0666111409664
-0.0374187789857
-0.0279322285205
-0.0245182961226
0.0697721913457
-0.105952113867
-0.0254452805966
-0.0205515306443
-0.0452026575804
0.0244923084974
-0.0341962762177
0.0119815431535
0.00255105923861
-0.098159044981
-0.129247635603
0.0363483726978
-0.0104149356484
0.0124932928011
-0.011985283345
-0.0820588245988
0.0124286180362
-4.38664428657e-05
0.0134505759925
0.0664409324527
-0.0254137534648
0.0675540566444
-0.038315244019
0.0268457941711
-0.15464065969
-0.0339014977217
-0.0370169058442
0.044434890151
0.0130618140101
0.0206556469202
-0.0579000450671
0.0654437169433
-0.0973780974746
0.0843523815274
-0.0831808075309
0.0842772051692
0.056612405926
-0.030248740688
0.0396900586784
-0.067141443491
-0.0129205472767
-0.0185786932707
0.0318834520876
-0.00466337846592
0.047284565866
-0.0302708409727
-0.0903642699122
0.0940704420209
-0.0245348401368
0.125582382083
0.0953502431512
-0.0317532755435
-0.0315734781325
-0.121852092445
-0.00628882460296
0.0864328071475
-0.019174547866
-0.0310138557106
-0.0399739816785
-0.0462072044611
0.0125942286104
-0.10571231693
-0.0304178986698
0.112849012017
0.021949576214
-0.0572953484952
-0.0552219673991
0.0505323186517
0.0924673080444
0.0395052321255
0.0377328693867
0.0152615346014
-0.0785770192742
0.061790574342
-0.0242827683687
0.0893521904945
-0.0479583889246
-0.00141033611726
-0.0753533616662
0.0290450435132
0.0829766541719
-0.0676705241203
0.0383718200028
-0.037623334676
-0.0546833761036
-0.0565031021833
-0.0482006371021
-0.000312206422677
0.0619367025793
0.0815061405301
-0.0729434639215
0.00575002795085
-0.0132981091738
0.0102005684748
-0.0646355897188
-0.00649091042578
0.135019645095
0.00695352302864
0.0796432644129
-0.0264751855284
-0.00563539471477
0.0755547359586
0.0566123835742
0.002717215335
0.0924501121044
0.00246090837754
-0.110365472734
0.0499533340335
-0.0792459771037
0.0742765665054
0.0156044606119
0.0556212365627
-0.105039939284
-0.0316340103745
-0.0476539507508
-0.0405584089458
0.0329177640378
0.060445163399
-0.0107252271846
-0.0791038274765
-0.074890717864
-0.0338485725224
0.0136397751048
-0.213393181562
-0.0967958196998
-0.166779607534
-0.104234583676
0.217463776469
-0.0508648902178
0.0994060114026
0.108671024442
-0.150512471795
0.0409775264561
-0.0571975000203
-0.0671836808324
0.0292011760175
0.0730376839638
-0.0270977467299
0.037115611136
-0.0567123629153
0.0495954714715
-0.0307081844658
-0.0476753935218
0.0314802601933
0.148427784443
0.170615777373
0.061365429312
-0.0129989162087
0.0708851292729
0.0891200378537
0.0712380707264
-0.0386322923005
-0.0824446827173
0.0714299306273
0.0022269890178
-0.0150576429442
-0.0235138423741
0.00419357279316
0.037059597671
-0.0621381886303
0.0304204765707
-0.0300969649106
0.0924368351698
0.0278833191842
-0.10763514787
-0.00353375566192
-0.0274614952505
-0.0503337532282
-0.0687863230705
0.0668141618371
-0.0180813446641
-0.000978258787654
-0.0769598707557
-0.0793869718909
-0.0648349225521
0.112424664199
-0.00998901575804
-0.0387619882822
-0.0408978424966
0.0772425755858
0.125232875347
0.021460775286
0.090029746294
-0.0497807189822
-0.0304570775479
-0.0324265286326
0.0365105941892
-0.0188777782023
0.0540210716426
0.10477810353
0.0603526234627
0.0644686073065
-0.0306935608387
-0.0499315597117
0.0435868725181
-0.00788530148566
-0.0643578469753
-0.0242184791714
0.033907007426
-0.0148615818471
0.037607382983
0.138125538826
-0.12717962265
0.0171668995172
-0.161947518587
-0.0121243763715
0.0247040987015
-0.010840266943
-0.0619583614171
0.0147992195562
-0.0670299082994
-0.0484057739377
-0.0946538373828
0.00553209846839
-0.0621194429696
0.152436539531
-0.0511791706085
0.0141169652343
0.17204734683
0.186488181353
0.0140336723998
-0.0557788871229
0.0294146258384
0.0170813314617
0.101422764361
-0.0740428864956
-0.0207719709724
0.0369658879936
-0.0167434327304
-0.0164851080626
-0.0672341436148
-0.0201863087714
-0.0069412724115
-0.00939118582755
0.0233639720827
-0.0669007003307
0.0106761623174
0.0383270345628
-0.0100543182343
-0.0815871357918
-0.087802387774
0.00754417479038
0.00320328213274
-0.0560600571334
0.0562759339809
-0.124368086457
-0.101512610912
0.0516407825053
0.0376999638975
0.0450611263514
0.0185055565089
-0.0474412888288
0.117719531059
-0.00752460770309
0.00218609464355
0.00998260825872
-0.0116243883967
-0.101786330342
0.0330661833286
0.0442502051592
-0.0276990365237
0.00688322633505
-0.0212007518858
0.0398354679346
-0.101254783571
-0.0349644236267
0.0396962501109
-0.059095621109
-0.0876549258828
-0.067497998476
0.25483161211
-0.133254423738
0.0248282551765
-0.0130636133254
0.00983156915754
-0.00696249585599
0.145755499601
-0.045919008553
-0.0648424774408
-0.00875425711274
0.0752193033695
-0.068469427526
0.0556544736028
-0.024877268821
-0.0550701096654
0.133299782872
-0.0271511524916
-0.0279131997377
0.0360621139407
0.0331499353051
-0.06243692711
-0.0127322822809
0.0313830934465
-0.075844347477
-0.118899479508
0.0414487421513
0.083747819066
0.0363049544394
-0.0961417034268
-0.0632526278496
-0.0240048337728
-0.112588010728
0.0216106250882
0.0696149244905
0.0440148748457
-0.0319310985506
-0.0175044890493
0.0158888939768
-0.029874978587
0.0220823641866
0.0437356084585
0.00617455504835
-0.0666965544224
0.00545598426834
-0.151366189122
-0.0650248751044
-0.103673517704
-0.0738096907735
-0.0488709956408
0.0376033559442
0.00567391095683
-0.0602506063879
-0.0931020602584
-0.0594620332122
0.0308411344886
-0.051594093442
-0.0525688007474
-0.0240733213723
0.0241313967854
0.0483674667776
0.0111602423713
0.0548402667046
-0.0639148876071
0.016471799463
0.0583847798407
0.0377345196903
0.0324608571827
0.00594596983865
-0.0286344997585
0.0477079823613
0.110943175852
-0.134529352188
0.0704225003719
-0.0353173315525
-0.0759047493339
0.00234547699802
0.102562278509
-0.13182105124
0.086833409965
-0.0141614628956
0.074273429811
-0.000202508585062
0.0121166817844
0.0680525526404
-0.0172829926014
0.0959585160017
0.0488699376583
0.000321504223393
0.0435174256563
0.00421313429251
-0.0187130067497
-0.0541758872569
0.0993352234364
0.0563474968076
-0.0281549487263
-0.0484629869461
0.0284197349101
-0.00370204169303
0.0385725870728
-0.0209607183933
0.0987825468183
-0.134530156851
0.0193137358874
-0.0080750612542
0.0127627681941
-0.0869402810931
-0.0814868360758
0.00129916099831
0.00781535450369
-0.0463181845844
-0.0711326375604
0.0607828125358
-0.0710786134005
-0.135286867619
-0.0677501708269
-0.0619232952595
-0.13136023283
0.110659614205
-0.0656724572182
-0.0186686068773
0.0640577897429
-0.0683339312673
-0.0855797529221
-0.0900213569403
-0.0931156352162
0.0494876243174
0.239175900817
0.023981153965
0.0761884078383
0.00624953722581
0.0443544127047
0.127723798156
0.0131868608296
0.0271246917546
0.0690310448408
0.0238872300833
-0.0044196723029
0.0533407889307
-0.0458484701812
-0.0279250387102
-0.0297125969082
0.13319337368
0.00573261315003
0.107005730271
-0.0514956116676
0.0135053927079
0.0198514834046
-0.0618790946901
0.0494371652603
0.102491892874
-0.0134146595374
-0.0250381808728
-0.0510737933218
0.0891026109457
0.0411105081439
-0.0189526360482
-0.0688306763768
0.0726948231459
0.0901839956641
-0.00526485219598
-0.0236130673438
-0.0304702185094
0.0260769557208
-0.00163314177189
0.0821386277676
0.0968174338341
-0.0762205645442
0.0264189746231
0.0415191315114
-0.00908359326422
0.0245406702161
0.021024916321
0.0317338965833
0.0883254110813
-0.103459380567
0.0418507941067
0.0690144896507
0.0902280658484
-0.089370533824
-0.11044178158
-0.100972309709
-0.0555622652173
-0.102626644075
-0.00846406724304
0.144081667066
0.00725122028962
-0.0172564778477
-0.0155815761536
0.0583536997437
-0.0417262092233
0.105614557862
-0.0832319259644
-0.0245790891349
0.0207223072648
-0.08695422858
-0.00713022053242
0.0667449086905
0.00187986239325
-0.00335267279297
0.11133569479
0.082083851099
-0.0336407311261
0.0264802407473
-0.00609134323895
0.112339444458
0.0677721872926
0.0638219788671
-0.041354060173
0.0411596409976
0.0827811285853
0.0202743858099
0.0482275485992
-0.0437655448914
0.0240824297071
-0.0595538727939
-0.120491236448
0.0505873970687
-0.0883004888892
-0.149467259645
-0.0382883585989
-0.0783438310027
0.0380590483546
-0.0491832904518
0.0106650236994
0.0364132523537
0.0265191160142
-0.0745236873627
0.0152537329122
-0.0860242918134
0.011731211096
-0.123164519668
0.00845756009221
0.0671352297068
-0.010517090559
-0.132800757885
0.0200444217771
-0.0128072947264
-0.0586924850941
0.0255076698959
-0.0751533284783
-0.0588544160128
-0.0703176558018
0.0857766121626
-0.0656370818615
0.0918952748179
0.0874259024858
-0.0408118106425
0.097487680614
0.0248392987996
-0.0202149245888
0.0704437568784
0.0336248837411
0.0358294732869
0.00891591329128
0.0264905691147
0.0541941560805
-0.0904734060168
-0.156501203775
-0.0056464090012
0.0488397032022
0.0585856586695
0.000870215124451
-0.0752190425992
-0.116011589766
-0.0447247512639
0.0510148890316
-0.0881347730756
-0.115464501083
0.073356859386
0.0373673923314
-0.0666854977608
-0.048253338784
-0.134012565017
-0.0266786646098
0.0416876897216
0.0240232292563
-0.0107468804345
0.0273819752038
0.0573664978147
0.00683120684698
0.022849554196
0.074350014329
0.0521677993238
0.0540092550218
0.0390716306865
-0.042310975492
0.0196995809674
0.0293626450002
0.0261925272644
-0.064160361886
0.122922629118
0.0745405778289
-0.00895506702363
-0.0812643617392
0.0436146557331
-0.00773158110678
0.0202966239303
0.0565582513809
0.0899884998798
0.0318871811032
0.0250871516764
0.0307234730572
-0.0224775411189
0.0713073462248
-0.0697353109717
-0.0315412469208
-0.0467177554965
0.0456058830023
0.0176327042282
-0.0129185477272
-0.0824908912182
-0.123140521348
0.0998874902725
-0.0821867361665
0.0868650302291
0.0331348925829
-0.0684118196368
0.00932455062866
-0.111448898911
-0.0299413818866
-0.015043403022
0.00369446887635
-0.0458600781858
-0.0159986503422
0.215643599629
0.0457214526832
-0.076127037406
0.0489666573703
-0.0382081009448
-0.00357306213118
-0.0219316314906
-0.0101044690236
0.00276986625977
0.0701018422842
0.0636263638735
-0.16228172183
-0.0204028040171
-0.0443852357566
0.0198933705688
-0.0706831291318
0.0186818819493
-0.19953930378
0.153490424156
0.00151915999595
-0.0896776095033
0.0876552164555
-0.0128586189821
0.00354018993676
0.0586551688612
0.00304311118089
-0.0191055759788
0.0521264150739
0.127284809947
0.0956746786833
-0.0203877389431
0.0255333650857
0.0387650877237
-0.105337433517
0.166196078062
0.043295044452
0.0598399527371
0.10915312916
0.0535229481757
0.136312380433
-0.0915336459875
-0.0672395825386
-0.075416892767
0.0217481330037
-0.00285249087028
0.0106141036376
0.000277222308796
0.0129474317655
-0.0615167692304
0.0267787519842
0.0420834161341
-0.208213955164
0.046968895942
-0.10970415175
0.0303071178496
0.0245396271348
-0.0358169339597
-0.0188708361238
-0.00370075507089
-0.0279498100281
-0.0113627845421
-0.0373361892998
-0.0317248515785
0.118010357022
0.152995586395
-0.0797733664513
-0.0399423316121
0.161345407367
-0.0484946593642
-0.0932534262538
-0.007262065541
-0.0051855109632
-0.0428530052304
0.0120086167008
-0.0846164822578
0.041333027184
-0.0110640125349
-0.0166863631457
-0.0547283403575
0.0568978823721
-0.00131615903229
-0.152135655284
-0.0952280461788
0.00662428559735
0.00387022527866
-0.0214675702155
0.028534155339
0.0041042752564
-0.0482746399939
0.0265062116086
0.0530017614365
-0.0733872652054
-0.0578965991735
-0.00583926634863
-0.0991796404123
0.0494755730033
-0.182839617133
-0.0327881164849
0.00700511969626
-0.019477237016
-0.097514115274
-0.0528749935329
-0.0466245487332
-0.0790751129389
0.053001973778
0.00586872873828
0.00804124679416
-0.0450067520142
-0.00394248543307
-0.0256524328142
0.0858186557889
0.0379276350141
-0.0694262012839
-0.00782381743193
0.107436425984
-0.00443415436894
-0.0592069476843
0.0583449080586
-0.0255747046322
0.0396493077278
-0.00197239289992
0.0937215909362
-0.0146411247551
-0.0643899068236
0.00704378541559
-0.0392707623541
0.0161059200764
-0.00351486122236
-0.0267199743539
0.0545807369053
0.00803994201124
-0.0374611951411
-0.014551743865
0.152074843645
0.113795392215
0.0723433047533
0.0581531114876
-0.00700034527108
-0.0689067840576
0.0719228684902
-0.00856299512088
-0.149530231953
0.0211979039013
0.107541337609
-0.05868896842
0.115611076355
0.0585920587182
0.0469066947699
0.0408108383417
-0.0605106204748
-0.142790287733
0.076772339642
0.0675721541047
0.0289399363101
-0.0935850068927
-0.0326813682914
-0.0711634531617
-0.0320987962186
0.15843680501
-0.129220232368
-0.142773419619
-0.0816624462605
-0.0690468847752
0.0337398722768
0.149487018585
0.0442862957716
0.14420799911
-0.0757999867201
0.0596983879805
-0.00371650001034
0.0432669818401
-0.0181982517242
-0.209660515189
0.0718854963779
0.0407342910767
0.0127800181508
-0.0805376395583
0.0266066305339
-0.172625333071
-0.0897840410471
0.0228990204632
-0.0551362521946
-0.0505401976407
0.05580977723
0.00526711391285
-5.01693684782e-05
-0.0589080154896
0.0567484013736
-0.0727173313498
-0.000393738155253
0.0497961230576
0.0483165085316
0.0901192501187
0.0843316316605
0.112207643688
-0.0764155089855
-0.00700575578958
0.113644652069
0.0277634691447
0.0765915066004
0.0548613220453
0.128975138068
-0.0525741390884
-0.00259851454757
0.163907840848
0.242572128773
0.0104630710557
0.110215008259
0.0783501267433
-0.0346494540572
0.0638208836317
-0.0395498648286
-0.0710444301367
-0.0619604177773
-0.0550664812326
0.0544178746641
0.110130295157
-0.0754275247455
0.0528084374964
-0.0487134344876
-0.095251724124
-0.0312683582306
0.0949694514275
-0.0643373206258
0.0844517275691
0.0140764052048
-0.0142605677247
0.089546084404
0.0483877509832
0.054713178426
0.0162464436144
0.0295367464423
-0.0131885781884
0.182859450579
0.0688082128763
-0.0426555387676
0.0363914370537
0.0358552336693
0.0297490302473
-0.00756169622764
0.00655247457325
0.0548123829067
-0.113548390567
0.131105780602
-0.0479329153895
0.015867928043
-0.137156963348
0.0535895489156
-0.0742078274488
0.0132640888914
0.129421964288
-0.0551948025823
0.0142756551504
0.141460224986
-0.00465856865048
0.0401132367551
-0.0549748428166
0.0419759228826
0.000828736752737
0.0698195770383
0.0345478095114
-0.130662590265
-0.018845859915
0.033921521157
-0.0148593615741
0.0379796549678
-0.033963099122
-0.00941016990691
-0.0670789480209
-0.0543189607561
0.0119944224134
0.0326569490135
-0.015717793256
0.0060561876744
-0.0111483316869
-0.056848205626
0.0282216630876
0.0560594461858
0.0160576365888
-0.108152896166
-0.0579365007579
-0.0546491481364
0.0779374092817
-0.0403180196881
0.0398942418396
0.0386548824608
0.0544320642948
-0.0898505300283
-0.0465335212648
-0.161302402616
0.0468475446105
0.0260965134948
0.0799922645092
-0.014210707508
-0.0516449250281
-0.0780104324222
-0.122038796544
-0.0413752011955
-0.0881906375289
-0.0611127205193
-0.00258897431195
-0.0285106282681
-0.0822912529111
-0.030172130093
0.00362881482579
-0.0262487698346
-0.0655108764768
-0.0279777124524
0.14596131444
-0.0717992931604
0.0540438778698
0.132951140404
-0.0686143487692
0.0349040180445
-0.0113703617826
0.0908035486937
-0.0454699918628
-0.00666013220325
0.0214492529631
-0.149616315961
0.173467338085
0.0341889150441
-0.00592938018963
0.013594311662
-0.0586862415075
0.0996893942356
-0.0299225114286
-0.011525192298
-0.0260157492012
0.0916722491384
-0.0861631184816
-0.0259250961244
-0.0251014120877
0.0362209975719
-0.0551307275891
0.10937948525
0.238300159574
0.110249489546
0.0313890278339
-0.131475836039
-0.133735105395
0.0158814154565
-0.032354965806
0.000853936595377
0.10961894691
-0.0864659920335
-0.0930678248405
-0.0005744540249
0.0651700422168
-0.0853296294808
0.182985901833
-0.0784004554152
-0.0694033950567
0.0666973665357
-0.00541185447946
0.0138999642804
-0.0567990802228
0.00401610136032
-0.087677448988
-0.0839252695441
0.0132743241265
-0.048062518239
-0.0894241482019
-0.149902537465
-0.0172039195895
0.000193591578864
0.0432758815587
-0.0568005740643
-0.0484427548945
-0.0908482149243
0.122275553644
-0.120912723243
-0.116928547621
0.0253019370139
0.0176434759051
0.00643737986684
0.038559962064
0.0909112915397
-0.112929522991
-0.0636440142989
-0.0193967819214
-0.0696117430925
-0.0865900963545
-0.168359234929
-0.0660563856363
0.0444340221584
-0.057343441993
0.0805142298341
0.0358390174806
-0.0362680926919
-0.0213446710259
0.0561473369598
-0.0816532447934
0.104127533734
0.0366912297904
0.0616588406265
0.03134643659
0.0164104066789
-0.100461281836
0.119169853628
-0.0700387433171
-0.011855953373
-0.00266233552247
-0.0412986055017
-0.00124432623852
-0.0333336703479
0.0474371612072
-0.00326490774751
-0.0870488360524
0.0620736926794
-0.0140252448618
0.0181033499539
0.0744490772486
-0.0561770834029
0.00364234857261
0.00740089733154
-0.0903133526444
0.00690293917432
0.0472194887698
0.0462867021561
0.0129663450643
-0.0298025552183
0.12511856854
0.138716578484
-0.0240898113698
0.0177724976093
-0.0527144819498
0.0558620430529
-0.0765306577086
-0.0963990241289
0.0789150595665
-0.0978995785117
0.0349985472858
0.0957351997495
-0.0498685725033
-0.195176184177
0.057161167264
0.0681512281299
0.0207024198025
-0.179300144315
0.103558339179
0.00520469201729
-0.0710678994656
0.105546563864
0.0912522003055
-7.07842264092e-05
-0.0726091489196
0.025879913941
-0.0789175257087
-0.0170303583145
0.0729284733534
-0.0309105683118
0.0136870192364
-0.0457425676286
0.0475261509418
-0.107848517597
-0.13865531981
-0.143754705787
-0.00429940549657
-0.0445317961276
-0.0618789941072
-0.0439267829061
0.0946470722556
0.138931617141
0.00133458012715
0.014091540128
-0.0315417908132
-0.0973942354321
0.0874775275588
-0.11056869477
-0.0632226616144
0.0601456463337
0.0758246406913
0.00261822436005
0.000685176055413
-0.0423057973385
0.0528810508549
0.11630872637
-0.063005015254
-0.0819786936045
-0.00737221213058
-0.0296554919332
0.0165588334203
-0.0157278962433
-0.076119877398
-0.0409399531782
-0.09851000458
0.051058139652
-0.0421552211046
-0.121582843363
-0.0804295763373
0.0551573075354
0.162268087268
0.119650237262
0.145129770041
0.0830117985606
0.134621292353
-0.13858731091
-0.0953861027956
0.0973647236824
-0.0117703648284
0.112919829786
0.0716452151537
-0.0121161472052
0.11178894341
-0.000603284745011
0.0382496677339
0.0951405912638
-0.0285511594266
0.000250086712185
-0.0164680052549
0.0533714257181
0.160677760839
-0.0203439816833
0.0635549873114
-0.0024661871139
0.107836261392
-0.0416678860784
-0.115446038544
-0.0691571608186
0.052017018199
0.0581002347171
0.087051667273
0.128513306379
0.0926338806748
0.0873670205474
-0.00210200226866
0.01444287505
0.0807392895222
0.108098693192
0.104378648102
0.072628736496
-0.245455220342
0.136631712317
-0.0980911552906
0.0358448065817
0.00055240734946
-0.0160414930433
0.149859815836
-0.0818019360304
-0.0656705573201
0.063030987978
0.0690214410424
-0.00808919034898
0.100476764143
0.068233191967
-0.0148328999057
0.101192586124
-0.0485397912562
-0.0127789983526
0.0110096167773
0.036908287555
-0.0572417005897
-0.0881855562329
-0.0778275802732
0.00531766843051
-0.0794546678662
-0.071749933064
0.0228171236813
-0.0683646425605
-0.0485227033496
0.053089864552
-0.107526488602
-0.0229752082378
-0.116831697524
-0.0823227465153
0.0344624444842
-0.0832481533289
0.192423984408
0.0271100047976
0.0277752391994
0.0520356670022
-0.0908770337701
0.0319952778518
-0.164439663291
-0.0584271214902
-0.0478146001697
0.057624027133
-0.0325127579272
-0.0874471515417
0.0870175212622
0.0842977538705
-0.068201482296
0.100601173937
-0.068929374218
-0.128097727895
0.013510226272
-0.047661729157
0.0579392649233
-0.126895740628
-0.0342830233276
0.000492657651193
-0.0301387924701
0.00679142959416
-0.00101277465001
-0.0615356490016
0.093699157238
-0.0120060164481
-0.0661176964641
0.0655144378543
0.0272575579584
-0.043924883008
-0.0864693373442
0.043268058449
0.0512946508825
-0.0465140677989
-0.0149448551238
-0.180931985378
-0.0419758893549
-0.106586001813
0.035328105092
-0.0806638225913
0.0471648126841
0.0517379827797
-0.11443066597
0.0433343835175
0.0537247881293
-0.0241544637829
0.0808227658272
-0.0376330241561
0.0146802579984
0.0544472485781
-0.0630918294191
0.103530988097
0.0670075789094
0.084356687963
-0.0775798559189
0.0745637118816
0.0381293147802
-0.112930618227
0.119102530181
-0.0514894276857
0.0574118718505
-0.0288950763643
-0.102207809687
-0.0509552434087
-0.0332868359983
0.0577799081802
0.00478655891493
0.189348384738
-0.0915510654449
-0.0540252067149
-0.0363727472723
-0.00694211153314
0.0865498632193
-0.0619105435908
0.0647464096546
-0.116184741259
-0.0153033696115
-0.156415551901
0.0461819432676
-0.0720166414976
0.150252327323
0.0474633984268
0.036658488214
-0.00612043822184
-0.0457367487252
0.00448246486485
-0.058345220983
0.119627244771
0.00705178081989
0.0231998935342
0.0667548030615
-0.0356738753617
0.0378637649119
-0.00563273672014
-0.108248114586
-0.0417036041617
-0.0833786800504
0.0439790599048
0.148810386658
0.0717577934265
-0.0606231167912
-0.0530916973948
0.070413351059
0.0429756678641
-0.0198693312705
0.131569743156
-0.0137465046719
-0.0617037154734
-0.0144576141611
-0.034950684756
0.0941726714373
-0.0588938184083
0.115176551044
-0.0428477041423
0.00175847043283
0.0564969293773
-0.00983151514083
-0.0695159062743
-0.0797480046749
0.138620883226
-0.130906552076
-0.0415297299623
0.106492489576
0.11778832972
-0.119786113501
-0.101481564343
0.0411475263536
-0.0680141896009
0.0672254040837
-0.0406304188073
-0.0107907103375
-0.0609405003488
-0.00818910822272
-0.0496788173914
-0.0150908567011
-0.0101317670196
-0.0851147174835
-0.10324639827
-0.0345448963344
-0.0880977064371
0.102488286793
-0.0338583886623
0.0808373391628
0.0595392547548
-0.00529241980985
0.0606338940561
0.044947847724
0.0664857625961
0.0708326399326
0.0208341423422
0.0386115796864
-0.149461597204
0.0895461291075
-0.112141236663
-0.0755904316902
-0.0901663079858
0.0281288009137
-0.00583785260096
0.0951059535146
0.014239131473
0.1312238276
-0.0187302064151
-0.0533930025995
-0.116297900677
-0.0312137193978
0.0603708028793
0.0408202894032
-0.0717291682959
-0.0529997572303
0.0284835863858
0.0455613769591
-0.0470609739423
-0.133044779301
0.0160563960671
-0.0210868231952
0.0413374789059
-0.00796240288764
-0.0192306507379
-0.0866284891963
0.0162707809359
-0.0787506625056
-0.141890928149
0.00491512706503
-0.0305471755564
0.00290840351954
0.015777098015
0.103626668453
-0.0597543492913
0.0812473148108
0.0593185685575
0.00142823182978
0.000908400514163
-0.0438877344131
0.0148160969839
0.00210207607597
-0.0347010530531
0.0175231192261
-0.0358339883387
0.0111762182787
0.0619976073503
-0.0254160985351
-0.0128945596516
0.0787506699562
-0.192172944546
-0.145681083202
0.0982507839799
0.050985686481
-0.0118695823476
-0.0603021383286
-0.0783754065633
-0.0442246049643
-0.0924119502306
0.0242144372314
-0.0201348587871
-0.0485970377922
-0.0146053172648
0.0974987149239
-0.0281870253384
-0.0881663411856
0.015934009105
-0.0631323829293
-0.193803951144
0.0419732294977
0.117386497557
0.0304752215743
-0.0647719576955
0.0529464259744
0.126735746861
0.132137775421
-0.0333497971296
-0.0982449576259
0.170776575804
-0.00604871008545
-0.0226564090699
-0.10024023056
0.00745107512921
0.137611597776
0.0685504302382
-0.132448926568
0.0850774720311
0.110030047596
0.020212886855
-0.14881812036
-0.101426877081
-0.0825245529413
0.0398682244122
-0.046437934041
0.0724244639277
-0.0250978823751
-0.00267967581749
-0.11647464335
0.0201875697821
-0.0508434027433
-0.0190125629306
0.0294444356114
0.044500105083
-0.0987565368414
0.111512929201
0.104300886393
0.139736771584
0.085153914988
0.00376622239128
-0.0673485994339
-0.0821972563863
-0.175518080592
0.0737843587995
-0.0126284556463
0.05428814888
0.0354873649776
-0.0660749897361
0.0140323396772
-0.0259224679321
-0.120762296021
-0.15053704381
-0.121886052191
0.0840912461281
-0.0185944419354
-0.0547184348106
0.1198964715
0.0765751451254
0.0938286855817
0.0412084423006
0.0219810791314
0.152055889368
0.0467043370008
0.0463403500617
-0.0349638983607
-0.0595278479159
-0.100630670786
0.0328892990947
-0.0286669675261
0.0423385351896
0.0390162952244
0.0771558657289
-0.122917853296
-0.09022013098
0.0560804530978
0.0532369278371
-0.0564189702272
-0.0281443241984
0.0862293690443
0.00252895825543
0.0368548668921
0.101750470698
-0.00825091544539
0.0739097744226
-0.131486028433
-0.0356353707612
-0.0968794971704
0.0962895154953
0.0223689861596
-0.0240393895656
0.0247109960765
0.0742912814021
0.0137882390991
-0.0705817267299
-0.114339567721
-0.00382408173755
0.0307273659855
-0.0146370865405
-0.0764102488756
0.0614701807499
0.0486494451761
0.0426557511091
0.0906470790505
-0.0539608150721
0.0877499729395
0.0835135877132
-0.177394241095
0.14517891407
0.0463714413345
-0.00409644795582
0.062695518136
-0.0490901470184
0.146465241909
-0.0926136225462
-0.116913512349
-0.0148050142452
0.000850761192851
0.0697613656521
0.11424510181
0.00147794920485
-0.0903269872069
-0.0843612924218
0.0365395024419
-0.000603561406024
0.0363060645759
0.00989519897848
-0.0379291027784
0.142943426967
-0.0900840163231
-0.161804094911
0.0312178581953
-0.133179530501
-0.121584244072
-0.0231536421925
0.150155127048
0.0702511295676
0.0661851614714
0.0195700712502
-0.0486231856048
-0.0272252634168
-0.132878378034
0.0943416729569
-0.0424340181053
-0.141930088401
0.0435333624482
-0.080937422812
0.100709572434
-0.0100779589266
-0.0443520322442
-0.013997389935
-0.0345929041505
0.0608257725835
0.0759639665484
0.0358168557286
0.0452994965017
0.0826411470771
-0.100274331868
-0.0387992374599
0.048515573144
-0.158546224236
-0.0140659231693
-0.0607001520693
-0.0345856063068
-0.00773297669366
0.168749764562
-0.021773301065
-0.0885428339243
-0.0552405118942
0.0569662749767
0.0341793820262
-0.0705771371722
0.0357504412532
-0.0609905049205
-0.100410319865
0.0299032572657
-0.120331332088
0.0508436597884
0.0469738021493
-0.0214134845883
-0.125010922551
-0.121653109789
0.0136221628636
-0.041992098093
-0.0887052640319
0.0790283307433
-0.0550066493452
0.0112883364782
-0.120530687273
-0.0583985373378
-0.0550030246377
-0.0405567884445
-0.0263640917838
-0.129357308149
0.242932453752
-0.14164160192
0.0438086390495
0.0786723718047
0.127977073193
-0.0562929846346
-0.135502532125
0.0604927241802
-0.0266737490892
-0.0841176360846
-0.141180217266
-0.0120052043349
0.127240106463
-0.149987459183
-0.13119918108
0.118471860886
-0.00235227146186
-0.0354311540723
0.03602379933
-0.105411365628
0.0686111524701
-0.0614183805883
-0.0383329242468
-0.0556425340474
0.0212088003755
0.133120775223
0.061145067215
-0.00705370679498
-0.0312252286822
-0.0469622612
-0.0535800345242
0.0853692442179
0.0241982843727
0.0507212169468
0.156070485711
-0.230190232396
-0.112700209022
0.0418523661792
-0.129022687674
0.044000826776
0.0348680913448
0.110986679792
-0.0159347448498
-0.0453016720712
0.0870973914862
0.191168382764
0.055186778307
-0.160276845098
-0.172879561782
0.0655059069395
-0.1021624282
-0.00991085823625
-0.0751308575273
-0.0860285237432
0.0806995108724
-0.0606349259615
0.110832564533
0.0104341004044
0.0361257791519
-0.0342274866998
-0.06278976053
-0.0360788218677
0.0192131884396
-0.016101712361
0.0282856747508
0.0983554720879
0.0854140669107
0.0582599192858
0.10036084801
-0.0551315285265
0.0225508846343
-0.17345200479
0.0247234795243
-0.0915447324514
0.0706706345081
-0.0137548595667
0.11914498359
-0.024768197909
-0.0573305673897
-0.0493402741849
-0.122131697834
-0.156887814403
-0.166861608624
-0.0632377415895
0.135553687811
-0.00752459699288
0.0855187997222
0.0343049541116
-0.0421122089028
0.0468600727618
-0.0190355740488
0.122426778078
0.0527979545295
-0.0444332398474
-0.00812854617834
0.0381368286908
0.0541770458221
-0.0557643324137
-0.0898011773825
0.0322256796062
-0.0376537777483
-0.0671563595533
-0.0474122725427
-0.00922841113061
0.0165556259453
0.0158972963691
-0.088617965579
0.0489556528628
-0.0340268835425
-0.0285303145647
-0.00143551756628
-0.000777604524046
-0.0723470896482
0.0291512217373
-0.0262766368687
-0.0300226416439
-0.0958630591631
-0.101086191833
0.0803535282612
0.0354654304683
0.0487456582487
-0.0595813840628
-0.0546687506139
0.003220716957
0.128651857376
0.0280887596309
0.0707580298185
0.110357254744
0.0487644560635
-0.0191558841616
0.132798925042
0.0329859480262
0.0367792695761
-0.0560391955078
-0.0914914235473
-0.0149560691789
-0.0666186958551
-0.0892527624965
-0.140940725803
-0.151215314865
-0.0338027328253
-0.00104354787618
0.176132827997
-0.140329301357
-0.0116302436218
0.106246456504
-0.0685677304864
0.0421613641083
-0.1596006006
-0.11849552393
0.0509581938386
0.0715585201979
0.0644213482738
0.0524394102395
0.174413383007
0.00534302275628
0.0187115594745
0.0777259841561
0.122547663748
0.125988349319
-0.0511537976563
-0.101498819888
0.0971513986588
0.0382545404136
-0.00953137595206
-0.0934389159083
0.0183800440282
0.0922563299537
-0.11370421201
-0.0394428223372
-0.0480369627476
-0.0624914132059
-0.0390321500599
0.0639462843537
0.00184798263945
0.162788823247
-0.0575673058629
-0.0939474478364
-0.0764620378613
0.0281325895339
-0.0713976100087
-0.0277301855385
0.0761827304959
0.0321276001632
0.0202523525804
0.0422899462283
-0.00989476684481
-0.115933068097
0.0494639538229
-0.0828454196453
0.00984019972384
0.104121848941
0.0243768915534
-0.124889731407
0.000974242168013
-0.153890192509
-0.0871698558331
0.00314387818798
-0.0145173305646
-0.0452181436121
-0.110895387828
-0.0320433452725
-0.00981968455017
0.0856345072389
-0.112259909511
0.0498298108578
0.0293957460672
0.0427795872092
-0.253880441189
0.035428468138
-0.10138528049
-0.114429607987
0.0372670069337
0.116372428834
0.0211231000721
-0.0371894091368
0.0377342477441
-0.0503629297018
-0.0570267103612
0.0430139638484
-0.000578927167226
-0.0736420825124
0.0822538882494
0.0117495041341
0.0245485901833
0.0719128400087
0.127130180597
-0.0922129228711
-0.0573501065373
-0.0243985000998
0.00333198835142
0.117677100003
-0.064339146018
0.117919817567
0.0748776495457
0.0642384812236
0.105392813683
-0.0693556517363
0.0374364107847
0.020199296996
0.0133025608957
-0.0749083980918
0.178257748485
0.00686956103891
-0.0646876469254
0.0527530126274
-0.00919580180198
0.0274620465934
0.0423375405371
0.0520054064691
-0.0752047672868
-0.0015381409321
0.0079317484051
0.0276300366968
-0.0842860117555
-0.0151669178158
-0.0591471530497
0.0717078074813
-0.0631653666496
-0.105603128672
-0.0802798867226
0.0724669843912
0.0499986819923
0.0373601131141
0.0485451817513
0.0035796246957
-0.0309458374977
-0.0176581237465
-0.0307150650769
-0.108175434172
-0.0876530259848
0.0981241315603
-0.0289556384087
0.142957508564
-0.00234608980827
-0.0776897743344
0.0270740259439
-0.0333771780133
0.0808980092406
-0.00791429076344
0.0383952856064
0.052727855742
-0.0383522994816
-0.20840986073
-0.0482918508351
-0.0302204880863
-0.06605052948
0.141812667251
0.0463650077581
0.109311379492
0.0792861655354
-0.0647746026516
-0.00355729321018
0.0617606304586
0.0285363774747
0.020998544991
0.0898526832461
-0.0500505380332
0.025310901925
0.0233605075628
0.0821941196918
-0.0683552548289
0.0221157018095
0.100030511618
0.0167151317
-0.0142154358327
0.137750864029
0.162193477154
0.0276290550828
-0.0570045262575
-0.0427302196622
-0.107545532286
-0.0394355393946
0.0888199880719
